x in Angstrom	y in Volt
6400,00000	80,89701
6400,20000	81,31827
6400,40000	80,49674
6400,60000	78,90666
6400,80000	74,91121
6401,00000	78,80790
6401,20000	76,25679
6401,40000	72,99103
6401,60000	73,66588
6401,80000	79,69439
6402,00000	79,76419
6402,20000	76,39138
6402,40000	71,97821
6402,60000	68,54163
6402,80000	70,49226
6403,00000	71,63614
6403,20000	73,90276
6403,40000	71,35955
6403,60000	73,09215
6403,80000	73,16670
6404,00000	75,53115
6404,20000	75,25895
6404,40000	72,39903
6404,60000	66,80142
6404,80000	65,62047
6405,00000	64,83993
6405,20000	65,35996
6405,40000	67,45435
6405,60000	68,35692
6405,80000	65,55656
6406,00000	64,88854
6406,20000	65,41618
6406,40000	62,88275
6406,60000	61,38408
6406,80000	54,79621
6407,00000	53,77037
6407,20000	54,46729
6407,40000	57,38613
6407,60000	57,32222
6407,80000	55,31490
6408,00000	52,27349
6408,20000	55,03850
6408,40000	53,43311
6408,60000	48,98085
6408,80000	47,90485
6409,00000	47,81270
6409,20000	49,37692
6409,40000	49,00285
6409,60000	49,68503
6409,80000	50,47759
6410,00000	50,83776
6410,20000	50,61118
6410,40000	46,18302
6410,60000	47,02664
6410,80000	48,52968
6411,00000	51,22749
6411,20000	52,60938
6411,40000	49,81659
6411,60000	47,20027
6411,80000	48,37893
6412,00000	51,21506
6412,20000	51,22725
6412,40000	47,79797
6412,60000	47,93631
6412,80000	47,41416
6413,00000	46,78114
6413,20000	45,67420
6413,40000	46,24613
6413,60000	48,65121
6413,80000	49,82428
6414,00000	47,36394
6414,20000	47,32265
6414,40000	45,97861
6414,60000	48,03655
6414,80000	46,82804
6415,00000	46,33820
6415,20000	47,74244
6415,40000	47,84415
6415,60000	48,02031
6415,80000	46,22993
6416,00000	45,26191
6416,20000	48,17696
6416,40000	49,09838
6416,60000	49,90609
6416,80000	53,62261
6417,00000	55,84000
6417,20000	57,69618
6417,40000	63,01837
6417,60000	66,49828
6417,80000	67,54971
6418,00000	66,50810
6418,20000	65,52223
6418,40000	65,14342
6418,60000	67,85508
6418,80000	69,23815
6419,00000	67,60163
6419,20000	68,27460
6419,40000	66,56611
6419,60000	64,78438
6419,80000	63,50321
6420,00000	64,87409
6420,20000	64,97150
6420,40000	66,49478
6420,60000	68,65865
6420,80000	67,23301
6421,00000	66,95221
6421,20000	65,96422
6421,40000	64,23941
6421,60000	65,86364
6421,80000	67,25611
6422,00000	68,74311
6422,20000	68,06534
6422,40000	71,59717
6422,60000	69,57650
6422,80000	69,24552
6423,00000	63,55909
6423,20000	61,40874
6423,40000	57,58483
6423,60000	57,43725
6423,80000	56,14436
6424,00000	55,94805
6424,20000	52,01726
6424,40000	49,23978
6424,60000	48,81616
6424,80000	46,88635
6425,00000	44,66479
6425,20000	43,69758
6425,40000	42,69645
6425,60000	42,48777
6425,80000	40,58427
6426,00000	41,17435
6426,20000	44,08165
6426,40000	42,28584
6426,60000	38,21474
6426,80000	37,36882
6427,00000	37,24368
6427,20000	37,38701
6427,40000	38,42917
6427,60000	40,99616
6427,80000	42,26025
6428,00000	36,97939
6428,20000	36,94628
6428,40000	33,49470
6428,60000	34,46770
6428,80000	36,46241
6429,00000	35,68865
6429,20000	34,95336
6429,40000	34,94263
6429,60000	35,00522
6429,80000	35,32476
6430,00000	37,46070
6430,20000	37,30826
6430,40000	37,08056
6430,60000	37,39972
6430,80000	39,36664
6431,00000	36,72320
6431,20000	39,69194
6431,40000	38,22388
6431,60000	33,44424
6431,80000	33,39336
6432,00000	32,48559
6432,20000	33,45125
6432,40000	38,88634
6432,60000	39,81357
6432,80000	37,76309
6433,00000	37,69896
6433,20000	38,75373
6433,40000	39,11702
6433,60000	40,26213
6433,80000	41,88213
6434,00000	43,86511
6434,20000	44,41136
6434,40000	45,87081
6434,60000	49,45487
6434,80000	51,26089
6435,00000	52,60543
6435,20000	57,14379
6435,40000	59,12875
6435,60000	66,05847
6435,80000	69,15095
6436,00000	68,15922
6436,20000	63,36895
6436,40000	64,60505
6436,60000	62,29170
6436,80000	63,64724
6437,00000	61,67877
6437,20000	60,83471
6437,40000	60,83185
6437,60000	64,54113
6437,80000	65,31688
6438,00000	63,41860
6438,20000	63,04691
6438,40000	64,06561
6438,60000	66,58959
6438,80000	63,58474
6439,00000	65,94102
6439,20000	63,61569
6439,40000	59,15237
6439,60000	58,65375
6439,80000	57,90687
6440,00000	58,53485
6440,20000	57,53135
6440,40000	55,84348
6440,60000	54,96825
6440,80000	51,58651
6441,00000	49,57788
6441,20000	48,89735
6441,40000	50,26921
6441,60000	48,64767
6441,80000	46,13358
6442,00000	43,04363
6442,20000	37,94209
6442,40000	37,71262
6442,60000	38,53808
6442,80000	38,54573
6443,00000	35,21907
6443,20000	35,08610
6443,40000	36,04868
6443,60000	38,71211
6443,80000	38,66884
6444,00000	36,71978
6444,20000	32,78202
6444,40000	32,47321
6444,60000	33,23477
6444,80000	32,83165
6445,00000	31,55017
6445,20000	31,15755
6445,40000	32,12700
6445,60000	33,64625
6445,80000	33,98283
6446,00000	32,52692
6446,20000	35,14848
6446,40000	36,75714
6446,60000	35,82246
6446,80000	34,85688
6447,00000	33,08520
6447,20000	33,51233
6447,40000	35,48229
6447,60000	34,36459
6447,80000	33,88289
6448,00000	34,70341
6448,20000	36,26911
6448,40000	36,52025
6448,60000	37,39599
6448,80000	36,40142
6449,00000	36,09741
6449,20000	35,10962
6449,40000	32,65036
6449,60000	32,83380
6449,80000	34,47669
6450,00000	34,58265
6450,20000	34,29467
6450,40000	36,11131
6450,60000	35,63070
6450,80000	34,24742
6451,00000	31,70662
6451,20000	31,53437
6451,40000	33,91986
6451,60000	34,19805
6451,80000	34,54132
6452,00000	32,68852
6452,20000	33,18906
6452,40000	32,36150
6452,60000	31,86938
6452,80000	34,15799
6453,00000	36,41558
6453,20000	39,78772
6453,40000	39,59289
6453,60000	40,13104
6453,80000	39,94608
6454,00000	41,42364
6454,20000	41,23812
6454,40000	42,81224
6454,60000	41,75372
6454,80000	42,30518
6455,00000	39,08350
6455,20000	38,87248
6455,40000	39,23848
6455,60000	39,60196
6455,80000	39,03642
6456,00000	41,81544
6456,20000	43,35546
6456,40000	43,55523
6456,60000	42,40203
6456,80000	44,48368
6457,00000	43,00098
6457,20000	38,79009
6457,40000	40,77983
6457,60000	40,85588
6457,80000	39,16721
6458,00000	39,55879
6458,20000	37,45708
6458,40000	35,94985
6458,60000	40,70835
6458,80000	41,14018
6459,00000	37,41369
6459,20000	34,90127
6459,40000	34,36928
6459,60000	32,17213
6459,80000	31,22478
6460,00000	30,37815
6460,20000	29,72617
6460,40000	29,93914
6460,60000	31,22816
6460,80000	31,60820
6461,00000	32,01950
6461,20000	32,93091
6461,40000	31,73213
6461,60000	31,23302
6461,80000	27,88186
6462,00000	27,65940
6462,20000	28,09162
6462,40000	30,18513
6462,60000	32,96272
6462,80000	34,77964
6463,00000	34,78129
6463,20000	36,53920
6463,40000	33,61068
6463,60000	33,00108
6463,80000	34,78866
6464,00000	33,57215
6464,20000	30,98199
6464,40000	30,93071
6464,60000	31,84528
6464,80000	30,50911
6465,00000	29,53867
6465,20000	28,94797
6465,40000	29,93999
6465,60000	30,36494
6465,80000	29,73168
6466,00000	29,83661
6466,20000	32,43932
6466,40000	31,69796
6466,60000	29,92029
6466,80000	30,09531
6467,00000	30,82871
6467,20000	29,74038
6467,40000	29,69485
6467,60000	28,24526
6467,80000	30,54008
6468,00000	31,24069
6468,20000	32,22937
6468,40000	36,03925
6468,60000	35,56132
6468,80000	33,93339
6469,00000	34,58800
6469,20000	35,52740
6469,40000	34,60449
6469,60000	31,52117
6469,80000	32,31912
6470,00000	31,99022
6470,20000	30,19557
6470,40000	30,68705
6470,60000	32,19805
6470,80000	32,44937
6471,00000	32,06206
6471,20000	33,76670
6471,40000	34,09878
6471,60000	34,60146
6471,80000	34,08046
6472,00000	33,24948
6472,20000	33,08235
6472,40000	31,95086
6472,60000	33,00744
6472,80000	34,79180
6473,00000	37,01315
6473,20000	38,19999
6473,40000	36,54585
6473,60000	35,00534
6473,80000	33,53557
6474,00000	32,58794
6474,20000	33,07390
6474,40000	34,42885
6474,60000	33,37407
6474,80000	33,90125
6475,00000	34,48137
6475,20000	33,96463
6475,40000	31,72130
6475,60000	31,18983
6475,80000	32,94239
6476,00000	33,07297
6476,20000	34,02300
6476,40000	32,91172
6476,60000	32,71995
6476,80000	32,11071
6477,00000	33,12830
6477,20000	29,16514
6477,40000	28,92981
6477,60000	29,96544
6477,80000	32,19671
6478,00000	31,54316
6478,20000	29,66390
6478,40000	27,97665
6478,60000	29,04015
6478,80000	29,78941
6479,00000	27,06632
6479,20000	25,46788
6479,40000	28,61543
6479,60000	29,19011
6479,80000	28,17330
6480,00000	27,99715
6480,20000	28,61755
6480,40000	30,39216
6480,60000	31,41227
6480,80000	33,41216
6481,00000	33,16288
6481,20000	31,04322
6481,40000	27,61893
6481,60000	27,94594
6481,80000	28,23570
6482,00000	28,20790
6482,20000	28,86049
6482,40000	28,58851
6482,60000	27,85561
6482,80000	29,11525
6483,00000	28,86135
6483,20000	29,00471
6483,40000	29,06130
6483,60000	28,37427
6483,80000	28,01056
6484,00000	28,05771
6484,20000	27,21567
6484,40000	26,41134
6484,60000	26,35350
6484,80000	25,33595
6485,00000	27,44980
6485,20000	27,40244
6485,40000	27,92449
6485,60000	27,63620
6485,80000	28,69954
6486,00000	27,04148
6486,20000	27,93368
6486,40000	27,74646
6486,60000	27,79998
6486,80000	27,48775
6487,00000	28,26564
6487,20000	26,90852
6487,40000	28,43814
6487,60000	29,75311
6487,80000	31,28559
6488,00000	32,77703
6488,20000	30,85642
6488,40000	29,90919
6488,60000	29,04563
6488,80000	28,93681
6489,00000	29,46506
6489,20000	30,76701
6489,40000	33,25989
6489,60000	32,71920
6489,80000	32,09772
6490,00000	33,80422
6490,20000	35,27965
6490,40000	36,30891
6490,60000	36,65161
6490,80000	34,27954
6491,00000	33,62927
6491,20000	34,16882
6491,40000	35,64382
6491,60000	35,06370
6491,80000	33,71322
6492,00000	32,24845
6492,20000	30,84016
6492,40000	30,22890
6492,60000	31,91690
6492,80000	31,16527
6493,00000	31,62410
6493,20000	31,61554
6493,40000	32,81193
6493,60000	31,60815
6493,80000	31,59432
6494,00000	32,18570
6494,20000	33,04944
6494,40000	35,12358
6494,60000	32,80673
6494,80000	32,32476
6495,00000	32,56639
6495,20000	31,81061
6495,40000	31,07424
6495,60000	31,87532
6495,80000	30,86958
6496,00000	29,21724
6496,20000	28,69067
6496,40000	27,89559
6496,60000	28,74335
6496,80000	27,31261
6497,00000	27,14891
6497,20000	27,74391
6497,40000	26,94149
6497,60000	26,19514
6497,80000	27,67916
6498,00000	30,23739
6498,20000	31,93406
6498,40000	30,97558
6498,60000	29,45347
6498,80000	28,93683
6499,00000	29,13051
6499,20000	29,37951
6499,40000	30,24955
6499,60000	30,11707
6499,80000	29,91519
6500,00000	27,94199
6500,20000	28,75605
6500,40000	28,41072
6500,60000	28,29652
6500,80000	29,23841
6501,00000	30,37031
6501,20000	29,68801
6501,40000	28,32952
6501,60000	26,46151
6501,80000	26,43657
6502,00000	27,29080
6502,20000	28,65806
6502,40000	28,99089
6502,60000	28,85122
6502,80000	30,31621
6503,00000	29,73504
6503,20000	27,37794
6503,40000	27,07677
6503,60000	27,60454
6503,80000	27,39949
6504,00000	27,80895
6504,20000	30,15036
6504,40000	29,48012
6504,60000	30,42866
6504,80000	31,85920
6505,00000	32,07994
6505,20000	30,63889
6505,40000	31,51774
6505,60000	32,51547
6505,80000	33,39462
6506,00000	32,67446
6506,20000	32,06072
6506,40000	32,98591
6506,60000	31,19531
6506,80000	33,49209
6507,00000	32,15489
6507,20000	33,89015
6507,40000	34,71795
6507,60000	33,35676
6507,80000	32,51782
6508,00000	34,86023
6508,20000	34,84524
6508,40000	33,81763
6508,60000	31,16713
6508,80000	29,76713
6509,00000	31,11157
6509,20000	33,04709
6509,40000	36,28095
6509,60000	37,94421
6509,80000	39,42289
6510,00000	37,63023
6510,20000	38,50002
6510,40000	40,87615
6510,60000	38,77440
6510,80000	37,42163
6511,00000	37,31475
6511,20000	37,59440
6511,40000	42,21363
6511,60000	39,51127
6511,80000	39,15730
6512,00000	38,29775
6512,20000	37,04906
6512,40000	37,53126
6512,60000	37,85977
6512,80000	38,03824
6513,00000	38,37833
6513,20000	36,30381
6513,40000	36,88293
6513,60000	36,08364
6513,80000	35,16464
6514,00000	37,14893
6514,20000	35,69269
6514,40000	33,99170
6514,60000	37,60688
6514,80000	35,73259
6515,00000	34,72409
6515,20000	33,64496
6515,40000	34,96313
6515,60000	34,14515
6515,80000	34,04460
6516,00000	34,40436
6516,20000	33,18839
6516,40000	31,55183
6516,60000	31,50945
6516,80000	29,59855
6517,00000	28,45850
6517,20000	30,46582
6517,40000	31,05825
6517,60000	31,07097
6517,80000	30,06613
6518,00000	30,63669
6518,20000	29,58899
6518,40000	28,84342
6518,60000	28,19834
6518,80000	27,45881
6519,00000	27,44045
6519,20000	27,01251
6519,40000	26,10033
6519,60000	27,21682
6519,80000	30,47128
6520,00000	32,35050
6520,20000	31,05116
6520,40000	31,66294
6520,60000	30,88355
6520,80000	32,05299
6521,00000	31,45764
6521,20000	31,25148
6521,40000	34,03839
6521,60000	32,05231
6521,80000	29,97479
6522,00000	31,24029
6522,20000	31,85533
6522,40000	32,74206
6522,60000	30,98068
6522,80000	30,62847
6523,00000	32,15618
6523,20000	30,92532
6523,40000	34,09115
6523,60000	31,23723
6523,80000	32,75428
6524,00000	33,88848
6524,20000	33,67505
6524,40000	31,68366
6524,60000	29,28870
6524,80000	30,42382
6525,00000	30,24287
6525,20000	33,01036
6525,40000	32,55671
6525,60000	30,50103
6525,80000	26,35317
6526,00000	24,74287
6526,20000	27,60455
6526,40000	28,42501
6526,60000	26,89538
6526,80000	31,24459
6527,00000	32,71012
6527,20000	31,61464
6527,40000	31,03116
6527,60000	29,94377
6527,80000	30,04881
6528,00000	28,43310
6528,20000	30,77946
6528,40000	34,53207
6528,60000	34,24063
6528,80000	30,26995
6529,00000	29,99244
6529,20000	31,04736
6529,40000	29,61501
6529,60000	29,93455
6529,80000	31,10554
6530,00000	32,06704
6530,20000	29,79807
6530,40000	31,96392
6530,60000	33,36401
6530,80000	35,62769
6531,00000	35,34985
6531,20000	35,88958
6531,40000	37,11905
6531,60000	35,91347
6531,80000	36,09757
6532,00000	34,31381
6532,20000	32,07792
6532,40000	31,26025
6532,60000	32,58157
6532,80000	34,30700
6533,00000	33,42036
6533,20000	30,79257
6533,40000	31,07839
6533,60000	32,01103
6533,80000	32,85060
6534,00000	32,63288
6534,20000	34,07211
6534,40000	32,65576
6534,60000	31,43392
6534,80000	31,43454
6535,00000	31,72435
6535,20000	32,59058
6535,40000	34,24292
6535,60000	35,54559
6535,80000	36,38873
6536,00000	34,91273
6536,20000	32,02715
6536,40000	31,60110
6536,60000	32,30529
6536,80000	30,79376
6537,00000	30,69324
6537,20000	30,45158
6537,40000	30,67624
6537,60000	29,99988
6537,80000	31,92019
6538,00000	32,38049
6538,20000	32,04722
6538,40000	32,04915
6538,60000	30,73759
6538,80000	31,07085
6539,00000	29,63443
6539,20000	29,62295
6539,40000	28,50127
6539,60000	26,74704
6539,80000	27,63706
6540,00000	28,88136
6540,20000	29,06067
6540,40000	30,98440
6540,60000	31,08559
6540,80000	29,91056
6541,00000	29,73180
6541,20000	27,73581
6541,40000	29,45132
6541,60000	31,71897
6541,80000	28,57196
6542,00000	29,12536
6542,20000	29,65163
6542,40000	30,10216
6542,60000	29,63233
6542,80000	27,56270
6543,00000	28,44281
6543,20000	31,46721
6543,40000	31,63910
6543,60000	30,94559
6543,80000	30,94095
6544,00000	30,64620
6544,20000	30,98464
6544,40000	30,20360
6544,60000	30,11084
6544,80000	29,18930
6545,00000	28,55209
6545,20000	32,42741
6545,40000	32,88908
6545,60000	31,77376
6545,80000	30,99365
6546,00000	29,74443
6546,20000	29,05393
6546,40000	31,79250
6546,60000	33,44889
6546,80000	33,16855
6547,00000	31,56924
6547,20000	33,06532
6547,40000	31,39982
6547,60000	28,72605
6547,80000	29,85298
6548,00000	27,47812
6548,20000	27,51832
6548,40000	28,04418
6548,60000	26,61295
6548,80000	27,51384
6549,00000	28,03585
6549,20000	29,58431
6549,40000	28,49840
6549,60000	27,65732
6549,80000	28,59035
6550,00000	31,22340
6550,20000	31,53695
6550,40000	30,27291
6550,60000	30,34864
6550,80000	30,10716
6551,00000	29,87399
6551,20000	29,87990
6551,40000	29,20356
6551,60000	30,11589
6551,80000	27,14081
6552,00000	27,64115
6552,20000	28,63617
6552,40000	28,46012
6552,60000	26,87140
6552,80000	26,09620
6553,00000	26,81179
6553,20000	26,34974
6553,40000	28,32131
6553,60000	27,84911
6553,80000	26,64936
6554,00000	26,25382
6554,20000	28,34492
6554,40000	28,75765
6554,60000	27,97575
6554,80000	28,21131
6555,00000	28,30787
6555,20000	28,70359
6555,40000	26,78348
6555,60000	26,94192
6555,80000	25,87881
6556,00000	24,43989
6556,20000	24,24812
6556,40000	26,17423
6556,60000	27,46186
6556,80000	28,73645
6557,00000	28,50729
6557,20000	25,83241
6557,40000	25,23880
6557,60000	23,79327
6557,80000	25,28003
6558,00000	24,92449
6558,20000	25,35396
6558,40000	26,90254
6558,60000	26,65486
6558,80000	26,01638
6559,00000	24,82705
6559,20000	24,04156
6559,40000	24,02767
6559,60000	24,92590
6559,80000	24,73454
6560,00000	24,06702
6560,20000	26,08490
6560,40000	23,99361
6560,60000	24,18652
6560,80000	24,61032
6561,00000	26,88146
6561,20000	25,70250
6561,40000	24,60618
6561,60000	23,41052
6561,80000	24,27778
6562,00000	24,39876
6562,20000	24,67785
6562,40000	24,76416
6562,60000	26,11463
6562,80000	28,34342
6563,00000	26,07613
6563,20000	24,22168
6563,40000	25,57945
6563,60000	24,93372
6563,80000	25,13232
6564,00000	24,87542
6564,20000	24,39833
6564,40000	25,90971
6564,60000	24,31533
6564,80000	24,82810
6565,00000	26,50887
6565,20000	26,44415
6565,40000	24,85188
6565,60000	24,98768
6565,80000	25,90478
6566,00000	27,61593
6566,20000	28,84318
6566,40000	26,61667
6566,60000	27,51456
6566,80000	28,04168
6567,00000	28,84240
6567,20000	27,02341
6567,40000	26,24249
6567,60000	25,16653
6567,80000	26,29800
6568,00000	26,56651
6568,20000	28,00741
6568,40000	25,42784
6568,60000	27,74677
6568,80000	29,73340
6569,00000	29,12097
6569,20000	27,01748
6569,40000	27,75455
6569,60000	28,03231
6569,80000	28,99512
6570,00000	27,65462
6570,20000	27,52346
6570,40000	27,92607
6570,60000	26,02199
6570,80000	26,34978
6571,00000	25,04697
6571,20000	26,34208
6571,40000	27,51689
6571,60000	29,34777
6571,80000	27,18267
6572,00000	27,64106
6572,20000	27,86183
6572,40000	26,13261
6572,60000	25,42718
6572,80000	24,79434
6573,00000	22,44716
6573,20000	22,54106
6573,40000	24,15219
6573,60000	27,11721
6573,80000	27,97222
6574,00000	26,97343
6574,20000	25,83318
6574,40000	24,94802
6574,60000	23,32589
6574,80000	23,38305
6575,00000	24,98822
6575,20000	26,10545
6575,40000	26,10439
6575,60000	28,02653
6575,80000	26,88446
6576,00000	27,16947
6576,20000	25,83920
6576,40000	26,28779
6576,60000	25,94805
6576,80000	27,35362
6577,00000	27,12994
6577,20000	28,01847
6577,40000	26,01991
6577,60000	25,39821
6577,80000	25,14791
6578,00000	24,24918
6578,20000	24,38274
6578,40000	26,59554
6578,60000	25,92750
6578,80000	26,03829
6579,00000	26,57995
6579,20000	24,95663
6579,40000	24,82983
6579,60000	25,15674
6579,80000	26,34147
6580,00000	27,16452
6580,20000	26,83156
6580,40000	26,80529
6580,60000	27,07419
6580,80000	27,21262
6581,00000	26,83399
6581,20000	27,63920
6581,40000	25,83213
6581,60000	24,99954
6581,80000	23,69599
6582,00000	24,40732
6582,20000	24,90881
6582,40000	26,28750
6582,60000	24,12797
6582,80000	24,84535
6583,00000	26,19078
6583,20000	26,36948
6583,40000	27,30539
6583,60000	26,46635
6583,80000	26,25289
6584,00000	26,10037
6584,20000	27,64988
6584,40000	27,17800
6584,60000	27,80385
6584,80000	26,29400
6585,00000	25,48938
6585,20000	26,18651
6585,40000	27,50397
6585,60000	27,06383
6585,80000	25,92607
6586,00000	24,80307
6586,20000	24,04952
6586,40000	26,37733
6586,60000	26,43061
6586,80000	25,13399
6587,00000	25,48666
6587,20000	25,07493
6587,40000	25,82941
6587,60000	24,98841
6587,80000	25,21048
6588,00000	26,18690
6588,20000	26,80850
6588,40000	24,69206
6588,60000	25,32845
6588,80000	24,54962
6589,00000	24,18152
6589,20000	25,26698
6589,40000	25,69256
6589,60000	25,17652
6589,80000	25,29483
6590,00000	25,80352
6590,20000	24,50538
6590,40000	26,73526
6590,60000	28,86169
6590,80000	27,01302
6591,00000	26,59292
6591,20000	27,63591
6591,40000	26,17188
6591,60000	28,32825
6591,80000	27,68736
6592,00000	26,75794
6592,20000	25,56828
6592,40000	24,09363
6592,60000	25,09367
6592,80000	25,83971
6593,00000	26,98816
6593,20000	28,76439
6593,40000	29,38489
6593,60000	28,40438
6593,80000	27,78425
6594,00000	26,90129
6594,20000	27,43921
6594,40000	29,20680
6594,60000	29,57273
6594,80000	30,09579
6595,00000	28,45078
6595,20000	28,35517
6595,40000	27,23311
6595,60000	28,92913
6595,80000	28,73359
6596,00000	28,38503
6596,20000	29,27136
6596,40000	27,23890
6596,60000	25,54117
6596,80000	25,84753
6597,00000	26,50604
6597,20000	27,13161
6597,40000	26,89507
6597,60000	25,86641
6597,80000	25,43526
6598,00000	26,18040
6598,20000	25,63046
6598,40000	27,18762
6598,60000	27,05127
6598,80000	26,11970
6599,00000	26,35398
6599,20000	27,71623
6599,40000	26,94697
6599,60000	26,04799
6599,80000	26,43702
6600,00000	24,81639
6600,20000	24,02802
6600,40000	23,47741
6600,60000	24,65859
6600,80000	25,24880
6601,00000	25,32449
6601,20000	24,55967
6601,40000	24,59307
6601,60000	26,52740
6601,80000	25,89895
6602,00000	26,27754
6602,20000	25,20237
6602,40000	26,94224
6602,60000	28,86336
6602,80000	26,83045
6603,00000	26,32060
6603,20000	26,38288
6603,40000	26,42326
6603,60000	26,42401
6603,80000	26,14894
6604,00000	26,66471
6604,20000	26,55120
6604,40000	26,62048
6604,60000	28,40866
6604,80000	27,94052
6605,00000	27,80075
6605,20000	26,86948
6605,40000	27,25835
6605,60000	27,03580
6605,80000	28,94573
6606,00000	27,95554
6606,20000	26,69559
6606,40000	26,32409
6606,60000	26,12238
6606,80000	26,55125
6607,00000	28,31850
6607,20000	29,65323
6607,40000	26,68470
6607,60000	26,36470
6607,80000	28,11535
6608,00000	26,88173
6608,20000	28,32212
6608,40000	27,93052
6608,60000	28,76296
6608,80000	29,32405
6609,00000	27,61807
6609,20000	26,15892
6609,40000	26,08194
6609,60000	26,32986
6609,80000	25,16308
6610,00000	24,90033
6610,20000	29,08359
6610,40000	31,06017
6610,60000	28,93672
6610,80000	27,53317
6611,00000	31,03671
6611,20000	30,02176
6611,40000	28,86925
6611,60000	28,60994
6611,80000	27,19701
6612,00000	28,26996
6612,20000	29,35677
6612,40000	29,55160
6612,60000	29,50955
6612,80000	28,36638
6613,00000	28,52904
6613,20000	29,36151
6613,40000	29,96392
6613,60000	30,24487
6613,80000	28,28279
6614,00000	27,22254
6614,20000	30,56741
6614,40000	30,31596
6614,60000	31,26111
6614,80000	29,68241
6615,00000	27,21973
6615,20000	28,20197
6615,40000	28,98688
6615,60000	28,07264
6615,80000	26,74770
6616,00000	25,57426
6616,20000	27,93922
6616,40000	28,75062
6616,60000	27,59038
6616,80000	29,22544
6617,00000	29,17647
6617,20000	29,80666
6617,40000	31,44326
6617,60000	30,36250
6617,80000	29,40649
6618,00000	27,69217
6618,20000	26,74899
6618,40000	28,65281
6618,60000	28,83754
6618,80000	27,48938
6619,00000	26,19200
6619,20000	25,50430
6619,40000	26,07531
6619,60000	26,29132
6619,80000	28,35860
6620,00000	27,55163
6620,20000	26,38659
6620,40000	26,44659
6620,60000	25,44990
6620,80000	25,53191
6621,00000	24,43094
6621,20000	22,28732
6621,40000	22,63290
6621,60000	23,32234
6621,80000	23,67461
6622,00000	23,26465
6622,20000	23,35800
6622,40000	25,04752
6622,60000	26,84436
6622,80000	26,06821
6623,00000	24,66547
6623,20000	24,83306
6623,40000	24,92499
6623,60000	24,80830
6623,80000	26,06659
6624,00000	27,37398
6624,20000	25,76694
6624,40000	24,75550
6624,60000	26,50061
6624,80000	26,59602
6625,00000	27,74096
6625,20000	27,47754
6625,40000	27,37862
6625,60000	28,49768
6625,80000	30,49979
6626,00000	27,73292
6626,20000	25,97103
6626,40000	30,32046
6626,60000	28,71404
6626,80000	28,42569
6627,00000	27,12903
6627,20000	26,04852
6627,40000	25,46525
6627,60000	22,83877
6627,80000	24,60780
6628,00000	25,73090
6628,20000	25,81391
6628,40000	25,01327
6628,60000	25,64402
6628,80000	26,94275
6629,00000	28,23238
6629,20000	27,78836
6629,40000	26,79691
6629,60000	24,33248
6629,80000	24,14644
6630,00000	25,56431
6630,20000	27,52695
6630,40000	27,50141
6630,60000	27,43841
6630,80000	30,86461
6631,00000	29,80674
6631,20000	27,96288
6631,40000	26,58220
6631,60000	24,61094
6631,80000	26,42483
6632,00000	27,15046
6632,20000	28,53394
6632,40000	27,95252
6632,60000	27,46324
6632,80000	26,88046
6633,00000	27,56384
6633,20000	26,21039
6633,40000	25,59392
6633,60000	27,07000
6633,80000	26,43127
6634,00000	26,73883
6634,20000	25,70058
6634,40000	27,45147
6634,60000	27,29046
6634,80000	27,11362
6635,00000	27,15368
6635,20000	27,37983
6635,40000	29,55184
6635,60000	29,93541
6635,80000	28,77030
6636,00000	28,64400
6636,20000	30,23896
6636,40000	29,67127
6636,60000	30,43664
6636,80000	28,57297
6637,00000	28,41482
6637,20000	26,89493
6637,40000	27,37116
6637,60000	26,24969
6637,80000	25,44961
6638,00000	26,21981
6638,20000	27,21651
6638,40000	25,76607
6638,60000	25,46802
6638,80000	24,29941
6639,00000	24,66877
6639,20000	25,86456
6639,40000	28,00751
6639,60000	28,00760
6639,80000	25,53873
6640,00000	24,73622
6640,20000	28,03264
6640,40000	28,10526
6640,60000	26,71948
6640,80000	24,99828
6641,00000	24,16495
6641,20000	24,58820
6641,40000	24,58535
6641,60000	24,76606
6641,80000	25,40062
6642,00000	23,63036
6642,20000	23,15240
6642,40000	24,45448
6642,60000	24,24703
6642,80000	22,79654
6643,00000	22,77331
6643,20000	24,56938
6643,40000	23,93066
6643,60000	24,09870
6643,80000	24,63233
6644,00000	23,45065
6644,20000	23,10048
6644,40000	21,76874
6644,60000	23,02413
6644,80000	24,05957
6645,00000	25,22788
6645,20000	25,78027
6645,40000	25,20852
6645,60000	25,68879
6645,80000	23,95496
6646,00000	23,57721
6646,20000	22,31945
6646,40000	23,03866
6646,60000	23,29831
6646,80000	23,54770
6647,00000	22,93229
6647,20000	21,57961
6647,40000	22,24154
6647,60000	23,14969
6647,80000	23,84081
6648,00000	25,02551
6648,20000	24,21489
6648,40000	24,16469
6648,60000	23,97728
6648,80000	21,75999
6649,00000	22,06641
6649,20000	24,01772
6649,40000	26,10693
6649,60000	25,14911
6649,80000	24,21503
6650,00000	23,05254
6650,20000	22,42153
6650,40000	23,59228
6650,60000	24,56741
6650,80000	23,73340
6651,00000	23,17511
6651,20000	24,55254
6651,40000	25,51141
6651,60000	24,89753
6651,80000	23,76707
6652,00000	24,81937
6652,20000	24,95813
6652,40000	22,25080
6652,60000	23,06442
6652,80000	24,40866
6653,00000	24,63269
6653,20000	23,59707
6653,40000	24,00422
6653,60000	24,04909
6653,80000	23,79079
6654,00000	23,88374
6654,20000	22,55197
6654,40000	24,23177
6654,60000	27,49734
6654,80000	26,04938
6655,00000	27,22354
6655,20000	25,44559
6655,40000	25,01750
6655,60000	25,98581
6655,80000	26,65238
6656,00000	24,33748
6656,20000	22,59145
6656,40000	22,70622
6656,60000	23,34938
6656,80000	24,77059
6657,00000	25,32296
6657,20000	24,23239
6657,40000	23,85550
6657,60000	25,38350
6657,80000	26,36315
6658,00000	24,92530
6658,20000	23,36974
6658,40000	23,91071
6658,60000	23,94433
6658,80000	24,48640
6659,00000	25,37022
6659,20000	24,70493
6659,40000	22,27831
6659,60000	20,99676
6659,80000	21,85548
6660,00000	21,84413
6660,20000	22,88222
6660,40000	21,60201
6660,60000	21,82959
6660,80000	22,56651
6661,00000	22,47267
6661,20000	23,10994
6661,40000	24,23263
6661,60000	23,52400
6661,80000	22,61620
6662,00000	22,91408
6662,20000	22,96152
6662,40000	22,24002
6662,60000	21,96226
6662,80000	22,65954
6663,00000	22,05177
6663,20000	23,63124
6663,40000	22,25342
6663,60000	21,87614
6663,80000	21,91935
6664,00000	21,91548
6664,20000	22,00399
6664,40000	22,47572
6664,60000	24,56017
6664,80000	23,47758
6665,00000	22,49264
6665,20000	23,37575
6665,40000	24,04232
6665,60000	24,34425
6665,80000	24,40244
6666,00000	22,68333
6666,20000	22,47257
6666,40000	22,62602
6666,60000	21,90294
6666,80000	25,27037
6667,00000	24,27564
6667,20000	22,73431
6667,40000	23,94032
6667,60000	25,12326
6667,80000	25,83925
6668,00000	24,47057
6668,20000	23,71106
6668,40000	24,62282
6668,60000	24,86073
6668,80000	25,27118
6669,00000	24,29519
6669,20000	24,67423
6669,40000	23,42486
6669,60000	22,57234
6669,80000	22,99004
6670,00000	23,22120
6670,20000	23,92478
6670,40000	22,84327
6670,60000	24,65177
6670,80000	25,08789
6671,00000	22,15180
6671,20000	21,10252
6671,40000	21,20005
6671,60000	22,35642
6671,80000	23,22688
6672,00000	25,53963
6672,20000	25,03350
6672,40000	24,25904
6672,60000	23,77310
6672,80000	23,21938
6673,00000	23,65589
6673,20000	24,17302
6673,40000	23,91177
6673,60000	22,49146
6673,80000	24,27066
6674,00000	24,39656
6674,20000	24,09473
6674,40000	24,23582
6674,60000	24,84641
6674,80000	24,58725
6675,00000	24,64576
6675,20000	24,25019
6675,40000	23,68569
6675,60000	23,75312
6675,80000	22,87326
6676,00000	23,63543
6676,20000	22,94357
6676,40000	23,31481
6676,60000	22,64213
6676,80000	22,56722
6677,00000	22,06368
6677,20000	23,31972
6677,40000	25,20218
6677,60000	25,01418
6677,80000	25,81997
6678,00000	25,76224
6678,20000	25,31070
6678,40000	24,55492
6678,60000	25,07596
6678,80000	23,87919
6679,00000	22,17197
6679,20000	22,12644
6679,40000	23,84667
6679,60000	23,60281
6679,80000	24,77960
6680,00000	24,82428
6680,20000	25,60468
6680,40000	25,77563
6680,60000	26,28827
6680,80000	26,14250
6681,00000	25,63295
6681,20000	25,55527
6681,40000	26,62730
6681,60000	25,97572
6681,80000	25,85597
6682,00000	27,84265
6682,20000	28,82706
6682,40000	28,00538
6682,60000	26,59817
6682,80000	28,75387
6683,00000	28,21168
6683,20000	28,66116
6683,40000	26,22728
6683,60000	26,11694
6683,80000	26,49261
6684,00000	27,83127
6684,20000	27,95458
6684,40000	28,17930
6684,60000	27,01480
6684,80000	25,26540
6685,00000	25,33208
6685,20000	24,11831
6685,40000	27,49122
6685,60000	27,59380
6685,80000	28,35040
6686,00000	27,14896
6686,20000	27,94353
6686,40000	26,15700
6686,60000	27,27399
6686,80000	26,94190
6687,00000	27,55299
6687,20000	26,26894
6687,40000	26,46395
6687,60000	26,51329
6687,80000	27,28195
6688,00000	26,95689
6688,20000	26,91035
6688,40000	27,89995
6688,60000	30,12310
6688,80000	30,41859
6689,00000	31,24895
6689,20000	32,91412
6689,40000	33,92579
6689,60000	36,19423
6689,80000	36,35507
6690,00000	36,05599
6690,20000	33,13894
6690,40000	34,37556
6690,60000	34,97128
6690,80000	33,97960
6691,00000	34,12683
6691,20000	32,99208
6691,40000	34,30152
6691,60000	32,88159
6691,80000	33,69150
6692,00000	33,56273
6692,20000	33,60248
6692,40000	35,61440
6692,60000	33,90479
6692,80000	34,56492
6693,00000	34,74894
6693,20000	35,80222
6693,40000	33,85954
6693,60000	33,23956
6693,80000	32,68538
6694,00000	33,39782
6694,20000	34,79991
6694,40000	33,11742
6694,60000	31,27942
6694,80000	29,96240
6695,00000	30,32703
6695,20000	29,75725
6695,40000	27,76532
6695,60000	27,97475
6695,80000	25,21935
6696,00000	25,64669
6696,20000	25,95158
6696,40000	26,75219
6696,60000	27,13461
6696,80000	26,12381
6697,00000	28,58253
6697,20000	29,58253
6697,40000	29,26051
6697,60000	28,64170
6697,80000	25,81010
6698,00000	24,88680
6698,20000	26,42066
6698,40000	28,24984
6698,60000	28,30973
6698,80000	26,56660
6699,00000	25,92697
6699,20000	26,59860
6699,40000	27,62737
6699,60000	27,86803
6699,80000	27,47224
6700,00000	27,17667
6700,20000	28,44573
6700,40000	28,82304
6700,60000	27,70022
6700,80000	26,24741
6701,00000	26,70317
6701,20000	28,47342
6701,40000	28,80921
6701,60000	28,90636
6701,80000	27,02751
6702,00000	26,72311
6702,20000	27,21577
6702,40000	26,78511
6702,60000	25,35024
6702,80000	25,77891
6703,00000	25,77366
6703,20000	26,21202
6703,40000	24,99213
6703,60000	24,76844
6703,80000	23,53824
6704,00000	24,71501
6704,20000	24,93186
6704,40000	26,32899
6704,60000	26,74656
6704,80000	27,06924
6705,00000	27,31228
6705,20000	27,23689
6705,40000	26,91069
6705,60000	27,62656
6705,80000	27,29949
6706,00000	26,39455
6706,20000	26,79358
6706,40000	25,92826
6706,60000	25,66943
6706,80000	27,16618
6707,00000	27,16360
6707,20000	26,37949
6707,40000	29,08081
6707,60000	28,80659
6707,80000	28,18772
6708,00000	27,32486
6708,20000	28,81805
6708,40000	27,57162
6708,60000	27,37808
6708,80000	28,39904
6709,00000	28,93420
6709,20000	27,61147
6709,40000	27,82016
6709,60000	29,40822
6709,80000	29,93574
6710,00000	27,85540
6710,20000	27,62070
6710,40000	27,65266
6710,60000	27,17447
6710,80000	25,85688
6711,00000	27,38407
6711,20000	26,47673
6711,40000	25,13313
6711,60000	26,89809
6711,80000	26,46289
6712,00000	26,73116
6712,20000	28,01351
6712,40000	28,02134
6712,60000	27,33049
6712,80000	26,72992
6713,00000	26,90177
6713,20000	27,23138
6713,40000	25,67591
6713,60000	25,76377
6713,80000	26,69938
6714,00000	26,20747
6714,20000	26,18399
6714,40000	25,07458
6714,60000	24,32509
6714,80000	24,72701
6715,00000	24,96600
6715,20000	26,69762
6715,40000	26,82989
6715,60000	26,43564
6715,80000	25,55413
6716,00000	25,71474
6716,20000	24,37847
6716,40000	22,51703
6716,60000	25,18719
6716,80000	26,12770
6717,00000	28,95401
6717,20000	30,76688
6717,40000	31,14395
6717,60000	28,61367
6717,80000	28,20867
6718,00000	27,80501
6718,20000	27,19846
6718,40000	28,32974
6718,60000	25,18819
6718,80000	24,10630
6719,00000	26,93596
6719,20000	28,56321
6719,40000	28,76229
6719,60000	28,95697
6719,80000	27,85930
6720,00000	26,27165
6720,20000	27,23101
6720,40000	26,69767
6720,60000	25,34000
6720,80000	25,47242
6721,00000	26,81146
6721,20000	26,07377
6721,40000	25,12161
6721,60000	25,33966
