Vernier Format 2
Bandlücke-Si.cmbl 26.09.2019 12:56:17 ,
Latest
Time	Potential	Pyro	Sample	Wellenlänge	Energie
t	Pot	Pot	Pot	Lambda	E
s	°	V	V	nm	eV

0	-82,5279637663	0,332112	0,246642	-1637,72124212	-0,756539005622
0,5	-82,2671516783	0,307692	0,260073	-1636,72651569	-0,756998794924
1	-81,6797900293	0,297924	0,245421	-1634,36218439	-0,758093898547
1,5	-81,4836465123	0,296703	0,2442	-1633,53437219	-0,758478071288
2	-80,8962848633	0,261294	0,238095	-1630,94098796	-0,75968413888
2,5	-80,6354727753	0,247863	0,216117	-1629,73445417	-0,760246552331
3	-80,3094576653	0,267399	0,197802	-1628,1788014	-0,760972934259
3,5	-79,8525020603	0,23199	0,203907	-1625,90962411	-0,762034975147
4	-79,5259524993	0,253968	0,216117	-1624,22465701	-0,762825508559
4,5	-79,0695313453	0,224664	0,192918	-1621,78117053	-0,763974833669
5	-78,7429817843	0,197802	0,18315	-1619,9697973	-0,764829074015
5,5	-78,2860261793	0,173382	0,19536	-1617,34673634	-0,766069496517
6	-77,9600110693	0,177045	0,191697	-1615,41242327	-0,76698679678
6,5	-77,6991989813	0,184371	0,191697	-1613,82731282	-0,767740135615
7	-77,1770403543	0,186813	0,194139	-1610,55338597	-0,769300794866
7,5	-76,9156938153	0,185592	0,185592	-1608,8645005	-0,770108358792
8	-76,3283321663	0,166056	0,192918	-1604,94672591	-0,771988241105
8,5	-76,1327231003	0,142857	0,169719	-1603,6045302	-0,772634385015
9	-75,6105644733	0,174603	0,178266	-1599,93017841	-0,774408794034
9,5	-75,3497523853	0,191697	0,192918	-1598,04510165	-0,775322297675
10	-75,0232028243	0,168498	0,184371	-1595,63821357	-0,776491807143
10,5	-74,5015786483	0,210012	0,185592	-1591,68600559	-0,778419861487
11	-74,2402321093	0,19536	0,188034	-1589,65622447	-0,779413800878
11,5	-73,7180734823	0,188034	0,188034	-1585,50180198	-0,78145606549
12	-73,4572613943	0,240537	0,189255	-1583,37738183	-0,782504546434
12,5	-73,1964493063	0,235653	0,174603	-1581,22015261	-0,783572102819
13	-72,6742906793	0,229548	0,18315	-1576,80285816	-0,785767221048
13,5	-72,4129441403	0,229548	0,169719	-1574,54275042	-0,786895115849
14	-71,8261169423	0,224664	0,167277	-1569,34861545	-0,78949953363
14,5	-71,6299734253	0,257631	0,167277	-1567,5757712	-0,790392415324
15	-71,0426117763	0,26862	0,163614	-1562,15710804	-0,793134053944
15,5	-70,7817996883	0,235653	0,185592	-1559,69833719	-0,794384382194
16	-70,2596410613	0,279609	0,18315	-1554,67868796	-0,796949240761
16,5	-69,9988289733	0,283272	0,163614	-1552,12305144	-0,798261451535
17	-69,4114673243	0,277167	0,168498	-1546,24994271	-0,801293481589
17,5	-69,2158582583	0,296703	0,173382	-1544,25792111	-0,802327113276
18	-68,8893086973	0,291819	0,175824	-1540,89234934	-0,804079532573
18,5	-68,4323530923	0,29304	0,175824	-1536,09875129	-0,806588768439
19	-68,1063379823	0,34188	0,177045	-1532,61901862	-0,80842008676
19,5	-67,6493823773	0,330891	0,179487	-1527,65819663	-0,811045299749
20	-67,3233672673	0,326007	0,192918	-1524,05948553	-0,812960394109
20,5	-67,1272237503	0,335775	0,177045	-1521,87057784	-0,814129675704
21	-66,5398621013	0,34188	0,19536	-1515,2092147	-0,817708860253
21,5	-66,2790500133	0,368742	0,181929	-1512,20020936	-0,819335953224
22	-65,6916883643	0,372405	0,180708	-1505,30913534	-0,823086747373
22,5	-65,4960792983	0,398046	0,191697	-1502,97905049	-0,824362787755
23	-65,1695297373	0,410256	0,174603	-1499,05019026	-0,826523359957
23,5	-64,7131085833	0,412698	0,18315	-1493,47722424	-0,829607562732
24	-64,3865590223	0,432234	0,167277	-1489,43182885	-0,831860831759
24,5	-63,9296034173	0,43956	0,177045	-1483,6897339	-0,835080254108
25	-63,6035883073	0,43956	0,177045	-1479,53532988	-0,837425085413
25,5	-63,0814296803	0,466422	0,192918	-1472,78172845	-0,841265189582
26	-62,8206175923	0,459096	0,185592	-1469,36254143	-0,84322280245
26,5	-62,3636619873	0,459096	0,188034	-1463,29859829	-0,846717137194
27	-62,0376468773	0,484737	0,186813	-1458,91536317	-0,849261054671
27,5	-61,7763003383	0,514042	0,172161	-1455,36747306	-0,851331380515
28	-61,1889386893	0,516484	0,168498	-1447,28340302	-0,856086649935
28,5	-60,9933296233	0,515263	0,166056	-1444,55736206	-0,857702180988
29	-60,7325175353	0,500611	0,164835	-1440,89645526	-0,859881357521
29,5	-60,2103589083	0,503053	0,175824	-1433,47749338	-0,864331672956
30	-59,8838093473	0,52381	0,166056	-1428,77724606	-0,867175064142
30,5	-59,4273881933	0,538462	0,166056	-1422,1299361	-0,871228407864
31	-59,1008386323	0,516484	0,161172	-1417,3186686	-0,874185902895
31,5	-58,7090860493	0,557998	0,14652	-1411,48599138	-0,877798297375
32	-58,3178679173	0,581197	0,139194	-1405,59542004	-0,881476975764
32,5	-58,0565213783	0,533578	0,147741	-1401,62379719	-0,883974717384
33	-57,4696941803	0,545788	0,139194	-1392,59979082	-0,889702847991
33,5	-57,2735506633	0,555556	0,144078	-1389,55094915	-0,891654962894
34	-56,7513920363	0,575092	0,147741	-1381,35526807	-0,896945216515
34,5	-56,4905799483	0,571429	0,151404	-1377,21861537	-0,899639306481
35	-55,9032182993	0,567766	0,150183	-1367,79830176	-0,905835310955
35,5	-55,7076092333	0,614164	0,14652	-1364,6290988	-0,907939015144
36	-55,3810596723	0,583639	0,139194	-1359,30301354	-0,911496544666
36,5	-54,8594354963	0,622711	0,139194	-1350,7036991	-0,917299627467
37	-54,5980889573	0,643468	0,123321	-1346,35308984	-0,920263792127
37,5	-54,3372768693	0,661783	0,136752	-1341,9834512	-0,923260267402
38	-53,7499152203	0,67033	0,130647	-1332,0411227	-0,930151463709
38,5	-53,5543061543	0,654457	0,145299	-1328,69890451	-0,932491172979
39	-52,9669445053	0,688645	0,14652	-1318,57020703	-0,939654174952
39,5	-52,7708009883	0,68254	0,137973	-1315,15691415	-0,942092906684
40	-52,3795828563	0,717949	0,144078	-1308,30294078	-0,947028368877
40,5	-51,9226272513	0,748474	0,145299	-1300,22006723	-0,952915611152
41	-51,6618151633	0,720391	0,144078	-1295,56957883	-0,95633613219
41,5	-51,1396565363	0,746032	0,136752	-1286,17849578	-0,963318858205
42	-50,8783099973	0,76801	0,148962	-1281,43798639	-0,966882528194
42,5	-50,4218888433	0,742369	0,136752	-1273,09517933	-0,973218672191
43	-50,0953392823	0,78022	0,151404	-1267,07665458	-0,977841392246
43,5	-49,5731806553	0,775336	0,150183	-1257,36748291	-0,985392112361
44	-49,2471655453	0,793651	0,157509	-1251,2524552	-0,990207847228
44,5	-48,7250069183	0,802198	0,156288	-1241,37406684	-0,998087549187
45	-48,4641948303	0,803419	0,156288	-1236,40126673	-1,00210185264
45,5	-48,2028482913	0,826618	0,153846	-1231,39257834	-1,00617790118
46	-47,6812241153	0,859585	0,148962	-1221,31919182	-1,01447681188
46,5	-47,4198775763	0,86569	0,131868	-1216,23406102	-1,01871838629
47	-46,8325159273	0,859585	0,139194	-1204,71333369	-1,02846043565
47,5	-46,6369068613	0,862027	0,139194	-1200,8484233	-1,03177051821
48	-46,3103573003	0,886447	0,139194	-1194,36518226	-1,03737116453
48,5	-45,8539361463	0,91453	0,140415	-1185,23853828	-1,04535919141
49	-45,5273865853	0,90232	0,159951	-1178,66263059	-1,05119138237
49,5	-45,0052279583	0,925519	0,179487	-1168,06816872	-1,06072576343
50	-44,7444158703	0,912088	0,213675	-1162,73997462	-1,06558648283
50,5	-44,2222572433	0,918193	0,274725	-1152,00037664	-1,0755204817
51	-43,9614451553	0,915751	0,31746	-1146,60018775	-1,08058590364
51,5	-43,7000986163	0,907204	0,367521	-1141,16510128	-1,08573246642
52	-43,1127369673	0,925519	0,413919	-1128,86357887	-1,09756397779
52,5	-42,9171279013	0,91453	0,45177	-1124,74040558	-1,10158752532
53	-42,3297662523	0,901099	0,515263	-1112,28103164	-1,11392711443
53,5	-42,0689541643	0,886447	0,578755	-1106,71101699	-1,11953344729
54	-41,8076076253	0,876679	0,637363	-1101,10658583	-1,12523166781
54,5	-41,2859834493	0,852259	0,695971	-1089,85226708	-1,13685133061
55	-41,0246369103	0,805861	0,782662	-1084,17955144	-1,142799639
55,5	-40,5024782833	0,770452	0,855922	-1072,778282	-1,15494508119
56	-40,2416661953	0,714286	0,954823	-1067,0500566	-1,16114515185
56,5	-39,7195075683	0,653236	1,04884	-1055,51554308	-1,17383396969
57	-39,3934924583	0,575092	1,16361	-1048,26933598	-1,18194814774
57,5	-39,1973489413	0,45177	1,2906	-1043,89336556	-1,18690283977
58	-38,5453187213	0,351648	1,37485	-1029,25890038	-1,20377875726
58,5	-38,4143782263	0,271062	1,44322	-1026,30387891	-1,2072447795
59	-37,7618135553	0,169719	1,49206	-1011,49740142	-1,22491664166
59,5	-37,6314075113	0,0891331	1,52015	-1008,52273954	-1,22852956252
60	-36,9788428403	0,0634921	1,52259	-993,559065119	-1,24703205224
60,5	-36,7180307523	0,034188	1,49939	-987,542339398	-1,25462975163
61	-36,2610751473	0,00854701	1,43956	-976,951482608	-1,26823084059
61,5	-36,0002630593	0,00732601	1,38462	-970,878744089	-1,27616348338
62	-35,6737134983	0,014652	1,33333	-963,247029305	-1,28627440553
62,5	-35,1515548713	0,01221	1,24786	-950,978866926	-1,30286806899
63	-34,8907427833	0,00732601	1,20147	-944,821422509	-1,31135891977
63,5	-34,4337871783	0,00732601	1,12698	-933,98615553	-1,326572126
64	-34,0425690463	0,00732601	1,07082	-924,662417212	-1,33994847951
64,5	-33,5856134413	0,00976801	1,00488	-913,717432136	-1,35599908289
65	-33,2590638803	0,00854701	0,959707	-905,860281287	-1,36776059796
65,5	-33,0634548143	0,01221	0,904762	-901,139597981	-1,37492570827
66	-32,4760931653	0,00732601	0,864469	-886,9017513	-1,39699803071
66,5	-32,2152810773	0,00610501	0,825397	-880,549606132	-1,40707575288
67	-31,6931224503	0,00732601	0,805861	-867,777600648	-1,4277851826
67,5	-31,4323103623	0,019536	0,78022	-861,371077703	-1,43840446014
68	-30,9101517353	0,02442	0,764347	-848,491400587	-1,46023872386
68,5	-30,6488051963	0,017094	0,720391	-842,018441165	-1,4714642096
69	-30,3879931083	0,00610501	0,700855	-835,5412535	-1,48287112672
69,5	-29,8658344813	0,00610501	0,68254	-822,521711995	-1,50634321494
70	-29,6050223933	0,010989	0,678877	-815,992954018	-1,51839546395
70,5	-29,0176607443	0,029304	0,660562	-801,228161586	-1,5463760005
71	-28,7563142053	0,028083	0,667888	-794,631407497	-1,55921347723
71,5	-28,2346900293	0,00610501	0,653236	-781,41558621	-1,58558393493
72	-27,9733434903	0,019536	0,652015	-774,769712285	-1,59918486791
72,5	-27,4511848633	0,010989	0,642247	-761,443416193	-1,62717277955
73	-27,1251697533	0,00610501	0,649573	-753,090866909	-1,64521979278
73,5	-26,6682141483	0,00732601	0,643468	-741,342627891	-1,67129199561
74	-26,3421990383	0,00732601	0,631258	-732,931977545	-1,69047065479
74,5	-26,1460555213	0,00610501	0,545788	-727,860348842	-1,70224961694
75	-25,5592283233	0,00610501	0,433455	-712,63621994	-1,73861496979
75,5	-25,2978817843	0,00854701	0,290598	-705,831920076	-1,75537541553
76	-24,7757231573	0,00610501	0,199023	-692,193394959	-1,78996218257
76,5	-24,5149110693	0,00610501	0,164835	-685,359512311	-1,80781032107
77	-24,1883615083	0,029304	0,164835	-676,783150421	-1,83071933636
77,5	-23,7319403543	0,018315	0,153846	-664,759120022	-1,86383302264
78	-23,4053907933	0,013431	0,156288	-656,130515722	-1,88834381318
78,5	-22,9489696393	0,019536	0,148962	-644,03459014	-1,92380971297
79	-22,6224200783	0,010989	0,136752	-635,355354742	-1,95008980526
79,5	-22,1002614513	0,010989	0,139194	-621,434333734	-1,99377461582
80	-21,8394493633	0,00732601	0,152625	-614,46154705	-2,01639957122
80,5	-21,3172907363	0,019536	0,157509	-600,463568561	-2,06340578325
81	-21,0564786483	0,021978	0,153846	-593,45299437	-2,08778119203
81,5	-20,5343200213	0,00854701	0,155067	-579,380672393	-2,13849038989
82	-20,2729734823	0,041514	0,14652	-572,319166947	-2,16487594957
82,5	-19,7513493063	0,00732601	0,153846	-558,189582264	-2,2196759656
83	-19,4900027673	0,019536	0,168498	-551,09284284	-2,24826000936
83,5	-19,2291906793	0,03663	0,159951	-543,999185214	-2,27757694069
84	-18,7070320523	0,00854701	0,169719	-529,763607262	-2,3387790007
84,5	-18,4462199643	0,019536	0,168498	-522,636552665	-2,37067230312
85	-17,8588583153	0,00610501	0,168498	-506,546644781	-2,44597415216
85,5	-17,6627147983	0,020757	0,180708	-501,161641552	-2,47225624883
86	-17,3366996883	0,034188	0,181929	-492,198128087	-2,51727897629
86,5	-16,8145410613	0,035409	0,180708	-477,808732736	-2,59308780922
87	-16,5537289733	0,021978	0,169719	-470,606463301	-2,63277302082
87,5	-15,9663673243	0,0537241	0,174603	-454,351118172	-2,72696588705
88	-15,7707582583	0,031746	0,180708	-448,926917128	-2,75991470488
88,5	-15,1833966093	0,043956	0,17094	-432,608302755	-2,86402270162
89	-14,9220500703	0,0549451	0,163614	-425,332619125	-2,91301429585
89,5	-14,3998914433	0,037851	0,150183	-410,769778436	-3,0162881133
90	-14,1390793553	0,046398	0,148962	-403,482959291	-3,07076165541
90,5	-13,6169207283	0,0549451	0,167277	-388,869416241	-3,18615953905
91	-13,3561086403	0,0561661	0,157509	-381,557952761	-3,24721314556
91,5	-12,8339500133	0,0683761	0,157509	-366,896436293	-3,37697474665
92	-12,5731379253	0,040293	0,18315	-359,561693827	-3,44586206281
92,5	-12,3117913863	0,0720391	0,169719	-352,204447883	-3,51784313755
93	-11,7244297373	0,0744811	0,177045	-335,642942578	-3,69142276755
93,5	-11,4636176493	0,0659341	0,179487	-328,277558958	-3,77424519645
94	-10,9414590223	0,0769231	0,188034	-313,511410534	-3,95200926782
94,5	-10,7458499563	0,0854701	0,166056	-307,973002427	-4,02307991361
95	-10,1584883073	0,0952381	0,172161	-291,321333147	-4,25303559687
95,5	-9,89767621933	0,101343	0,167277	-283,917405873	-4,36394519803
96	-9,31031457033	0,0879121	0,18315	-267,222089177	-4,63659274506
96,5	-9,11417105333	0,0964591	0,181929	-261,640514446	-4,73550513621
97	-8,52680940433	0,10989	0,18315	-244,90812879	-5,05903991885
97,5	-8,26599731633	0,120879	0,19536	-237,469923507	-5,21750283868
98	-8,00518522833	0,1221	0,202686	-230,026797625	-5,38632895295
98,5	-7,48302660133	0,139194	0,197802	-215,111124919	-5,75981367986
99	-7,15647704033	0,159951	0,194139	-205,773945611	-6,02117044665
99,5	-6,70005588633	0,14652	0,185592	-192,712156327	-6,42927785988
100	-6,37350632533	0,156288	0,190476	-183,359459151	-6,75721888435
100,5	-5,85134769833	0,148962	0,19536	-168,392077898	-7,35782832225
101	-5,59053561033	0,194139	0,189255	-160,910732015	-7,69992146878
101,5	-5,32972352233	0,186813	0,20757	-153,426051911	-8,07555160657
102	-4,80756489533	0,181929	0,18315	-138,431956294	-8,95024554421
102,5	-4,54621835633	0,196581	0,199023	-130,922839706	-9,46358941485
103	-3,95885670733	0,230769	0,214896	-114,036819236	-10,8649119495
103,5	-3,69804461933	0,257631	0,223443	-106,534802422	-11,6300023263
104	-3,17588599233	0,252747	0,229548	-91,5089180713	-13,5396639597
104,5	-2,91507390433	0,294261	0,2442	-84,0007415539	-14,7498697878
105	-2,39291527733	0,333333	0,261294	-68,9639284661	-17,9659138851
105,5	-2,13210318933	0,438339	0,282051	-61,4509943275	-20,1624076805
106	-1,87075665033	0,537241	0,296703	-53,9213876998	-22,9778952815
106,5	-1,34859802333	0,752137	0,376068	-38,8743685868	-31,8719003045
107	-1,02258291333	1,26496	0,788767	-29,4778908369	-42,0315010614
107,5	-0,565627308333	4,98901	4,98535	-16,3058801362	-75,9848588147
108	-0,239612198333	4,99023	4,99023	-6,90762239022	-179,367071621
108,5	0,282546428667	4,99023	4,99145	8,14533579302	152,111592632
109	0,543358516667	4,99023	4,99023	15,6639359908	79,0988931983
109,5	0,804705055667	4,99023	4,99023	23,1976174796	53,4106574129
110	1,39206670467	4,99023	2,03052	40,1271438315	30,8768549589
110,5	1,58767577067	2,03297	0,663004	45,7643362034	27,0734834762
111	2,17503741967	0,691087	0,299145	62,6878463689	19,7645966765
111,5	2,37064648567	0,449328	0,241758	68,3225088623	18,1345799595
112	2,95800813467	0,376068	0,221001	85,236842533	14,5359678184
112,5	3,21935467367	0,295482	0,216117	92,7601006772	13,3570359557
113	3,48016676167	0,26862	0,21978	100,266049896	12,3571238847
113,5	4,00232538867	0,236874	0,221001	115,286929838	10,7470985804
114	4,26313747667	0,245421	0,216117	122,786174767	10,0907125933
114,5	4,78529610367	0,202686	0,200244	137,792230235	8,991798724
115	5,04610819167	0,177045	0,21978	145,28337046	8,5281611796
115,5	5,63346984067	0,18315	0,213675	162,142525766	7,64142530866
116	5,89481637967	0,179487	0,203907	169,638633832	7,30376077673
116,5	6,41644055567	0,188034	0,186813	184,589483893	6,71219169084
117	6,67778709467	0,164835	0,192918	192,074551915	6,45062028077
117,5	6,93859918267	0,155067	0,179487	199,540329112	6,20927110581
118	7,52596083167	0,124542	0,18315	216,338249578	5,72714257612
118,5	7,72156989767	0,130647	0,191697	221,927502055	5,58290427516
119	8,24372852467	0,113553	0,184371	236,834600662	5,2314990991
119,5	8,57027808567	0,0989011	0,181929	246,147340455	5,03357053425
120	9,09243671267	0,0732601	0,191697	261,021839425	4,74672924967
120,5	9,35324880067	0,0976801	0,197802	268,443435266	4,61549748375
121	9,61406088867	0,0744811	0,174603	275,859468708	4,4914173358
121,5	10,1362195157	0,102564	0,177045	290,689400759	4,26228131045
122	10,3975660547	0,0927961	0,159951	298,102967367	4,15628200868
122,5	10,9849277037	0,0757021	0,169719	314,741673922	3,93656163978
123	11,2457397917	0,0757021	0,166056	322,119425113	3,84639951337
123,5	11,5065518797	0,0695971	0,163614	329,490501687	3,76035118966
124	12,0287105067	0,0720391	0,147741	344,227089285	3,59936808743
124,5	12,2243195727	0,0586081	0,159951	349,740357888	3,54262804408
125	12,8768842437	0,040293	0,150183	368,10313846	3,36590447228
125,5	13,1382307827	0,04884	0,173382	375,444016537	3,3000925449
126	13,6603894097	0,032967	0,155067	390,087214185	3,17621279279
126,5	13,9212014977	0,0537241	0,161172	397,389262251	3,1178497199
127	14,4433601247	0,035409	0,164835	411,983424858	3,00740254399
127,5	14,7041722127	0,030525	0,168498	419,260299212	2,95520468389
128	15,2263308397	0,026862	0,166056	433,802701453	2,85613712375
128,5	15,4871429277	0,041514	0,167277	441,053043205	2,8091859224
129	15,8136924887	0,0573871	0,153846	450,117925318	2,75261199412
129,5	16,2706480937	0,032967	0,150183	462,778214957	2,67730839516
130	16,5314601817	0,041514	0,153846	469,991061478	2,63622034875
130,5	17,1188218307	0,037851	0,156288	486,198856628	2,54834001172
131	17,3796339187	0,023199	0,153846	493,37948632	2,51125155049
131,5	17,6409804577	0,00732601	0,140415	500,564575583	2,47520511925
132	18,1631390847	0,015873	0,139194	514,888721022	2,4063451954
132,5	18,4239511727	0,019536	0,15873	522,02752294	2,37343807664
133	18,9461097997	0,00732601	0,166056	536,287101078	2,31032966765
133,5	19,2069218877	0,010989	0,167277	543,392986505	2,28011776149
134	19,7942835367	0,010989	0,15873	559,354333879	2,21505390225
134,5	19,9898926027	0,00732601	0,155067	564,656976476	2,19425253139
135	20,4468482077	0,00854701	0,152625	577,018544958	2,1472446784
135,5	20,8386007907	0,00854701	0,167277	587,587050069	2,10862373474
136	21,0994128787	0,00854701	0,152625	594,607906878	2,08372607506
136,5	21,6215715057	0,00610501	0,140415	608,626836081	2,03573014949
137	21,8823835937	0,021978	0,135531	615,610268985	2,01263699198
137,5	22,4045422207	0,00854701	0,144078	629,552966682	1,96806315842
138	22,6653543087	0,00610501	0,145299	636,497671591	1,94658999601
138,5	22,9267008477	0,01221	0,137973	643,443377958	1,92557735839
139	23,5140624967	0,00732601	0,135531	659,004389782	1,88010887213
139,5	23,7748745847	0,00610501	0,142857	665,891995421	1,86066210214
140	24,2970332117	0,00610501	0,150183	679,639713241	1,82302472304
140,5	24,5578452997	0,013431	0,148962	686,485469149	1,80484519437
141	25,1452069487	0,00732601	0,147741	701,850142854	1,76533411386
141,5	25,3413504657	0,00732601	0,19536	706,96467291	1,75256281888
142	25,6673655757	0,00610501	0,28083	715,447303707	1,73178372967
142,5	26,1895242027	0,00732601	0,444444	728,985044335	1,69962334567
143	26,4503362907	0,031746	0,59707	735,724383243	1,6840545566
143,5	26,9724949177	0,00976801	0,71917	749,170918495	1,65382821118
144	27,2333070057	0,00854701	0,764347	755,864073082	1,63918361002
144,5	27,7554656327	0,010989	0,752137	769,216891944	1,61072905831
145	28,0168121717	0,00732601	0,766789	775,876214145	1,59690421927
145,5	28,5384363477	0,00976801	0,771673	789,11922128	1,57010495574
146	28,8649859087	0,014652	0,770452	797,376449999	1,55384573999
146,5	29,3871445357	0,00854701	0,769231	810,525975895	1,52863700467
147	29,6479566237	0,00732601	0,765568	817,068867952	1,51639604518
147,5	29,9093031627	0,00610501	0,777778	823,608184973	1,50435610355
148	30,4309273387	0,00732601	0,783883	836,608705882	1,48097909009
148,5	30,6922738777	0,00854701	0,793651	843,096279786	1,46958304728
149	31,2144325047	0,00854701	0,813187	856,005491854	1,4474206203
149,5	31,4752445927	0,00976801	0,830281	862,426934198	1,4366434429
150	31,8012597027	0,014652	0,842491	870,428591468	1,4234366979
150,5	32,3234183297	0,00610501	0,866911	883,185538354	1,40287623177
151	32,5847648687	0,00610501	0,90232	889,543062098	1,39284993925
151,5	33,1063890447	0,00854701	0,946276	902,176642271	1,37334524299
152	33,3677355837	0,00854701	0,974359	908,478324418	1,36381900008
152,5	33,8898942107	0,00732601	1,02808	921,012062948	1,34525925321
153	34,1507062987	0,00610501	1,06716	927,243936848	1,33621795815
153,5	34,6728649257	0,00610501	1,13431	939,662587102	1,31855840278
154	34,9988800357	0,00610501	1,19414	947,376789782	1,30782178048
154,5	35,3254295967	0,00610501	1,25397	955,072890411	1,29728318376
155	35,7823852017	0,01221	1,33578	965,790256658	1,28288724333
155,5	36,0431972897	0,00732601	1,39805	971,87980967	1,27484899642
156	36,6305589387	0,00732601	1,44811	985,519846329	1,25720451457
156,5	36,8913710267	0,00610501	1,51038	991,543448832	1,24956702751
157	37,1527175657	0,01221	1,58608	997,55878579	1,24203206633
157,5	37,6743417417	0,023199	1,61416	1009,50267989	1,22733700928
158	37,9356882807	0,0598291	1,61661	1015,45546381	1,22014213735
158,5	38,4578469077	0,105006	1,60317	1027,28546074	1,20609124469
159	38,7186589957	0,125763	1,5812	1033,16251495	1,19923050059
159,5	39,2408176227	0,212454	1,52381	1044,86421072	1,18580001812
160	39,5016297107	0,306471	1,42735	1050,67663259	1,17924008355
160,5	40,0237883377	0,41514	1,32112	1062,247842	1,16639446183
161	40,2846004257	0,521368	1,19658	1067,99454612	1,16011828384
161,5	40,8067590527	0,605617	1,05739	1079,43310837	1,14782471502
162	41,1333086137	0,676435	0,937729	1086,54109587	1,14031581936
162,5	41,3941207017	0,730159	0,871795	1092,1928388	1,13441505564
163	41,9162793287	0,766789	0,76801	1103,43977927	1,12285239601
163,5	42,1770914167	0,781441	0,689866	1109,023232	1,11719931941
164	42,6992500437	0,818071	0,615385	1120,13240553	1,10611923544
164,5	42,9605965827	0,799756	0,537241	1125,65780092	1,10068974691
165	43,5474237807	0,819292	0,504274	1137,97900918	1,08877227963
165,5	43,8087703197	0,847375	0,449328	1143,42797975	1,0835837691
166	44,1347854297	0,826618	0,396825	1150,19190256	1,07721154813
166,5	44,5917410347	0,858364	0,344322	1159,60975601	1,0684628976
167	44,8525531227	0,849817	0,30525	1164,95206721	1,06356307258
167,5	45,3747117497	0,814408	0,267399	1175,57498592	1,05395233383
168	45,6360582887	0,84127	0,21978	1180,8552734	1,04923950285
168,5	46,1576824647	0,846154	0,17094	1191,32068812	1,04002223109
169	46,4842320257	0,838828	0,153846	1197,82209419	1,03437731364
169,5	46,9411876307	0,810745	0,137973	1206,85444166	1,02663582055
170	47,2672027407	0,805861	0,129426	1213,25168568	1,02122256629
170,5	47,7893613677	0,782662	0,144078	1223,41583806	1,01273823786
171	48,0501734557	0,791209	0,140415	1228,45471368	1,00858418809
171,5	48,4419260387	0,776557	0,120879	1235,97548799	1,00244706472
172	48,8336786217	0,747253	0,128205	1243,43848109	0,996430477936
172,5	49,0944907097	0,73138	0,137973	1248,3748108	0,992490387727
173	49,6166493367	0,710623	0,130647	1258,17974845	0,984755955202
173,5	49,8774614247	0,698413	0,131868	1263,03811743	0,98096801902
174	50,4648230737	0,695971	0,144078	1273,88341385	0,972616478499
174,5	50,7256351617	0,704518	0,148962	1278,65630654	0,968985953194
175	51,2477937887	0,693529	0,136752	1288,13215305	0,961857831953
175,5	51,5091403277	0,68254	0,139194	1292,83480102	0,958359102821
176	51,7699524157	0,672772	0,136752	1297,50101599	0,954912547065
176,5	52,2921110427	0,660562	0,137973	1306,76211725	0,948145024745
177	52,5529231307	0,681319	0,141636	1311,34733249	0,944829771106
177,5	53,1402847797	0,660562	0,131868	1321,57381635	0,937518574196
178	53,4016313187	0,644689	0,1221	1326,07950676	0,934333117799
178,5	53,9232554947	0,631258	0,133089	1334,98987778	0,928096924646
179	54,1846020337	0,626374	0,129426	1339,41263202	0,925032339086
179,5	54,7067606607	0,630037	0,13431	1348,16554409	0,919026602801
180	54,9675727487	0,615385	0,145299	1352,49563441	0,916084287797
180,5	55,2283848367	0,590965	0,135531	1356,79769976	0,913179614192
181	55,7505434637	0,57265	0,123321	1365,3260708	0,9074755302
181,5	56,0118900027	0,528694	0,129426	1369,55208373	0,904675342193
182	56,5335141787	0,520147	0,13431	1377,90154523	0,89919341791
182,5	56,7948607177	0,538462	0,144078	1382,0419297	0,896499573113
183	57,3170193447	0,515263	0,152625	1390,22802924	0,891220701887
183,5	57,5778314327	0,538462	0,142857	1394,27369217	0,88863471136
184	58,1651930817	0,507937	0,13431	1403,27880258	0,882932171227
184,5	58,4260051697	0,489621	0,129426	1407,2302078	0,880452958676
185	59,0133668187	0,514042	0,140415	1416,0220651	0,874986365353
185,5	59,2089758847	0,470085	0,144078	1418,91703144	0,873201161556
186	59,5355254457	0,507937	0,133089	1423,71301878	0,870259654621
186,5	59,9923207154	0,507937	0,13431	1430,34427935	0,86622501861
187	60,2533465838	0,472527	0,126984	1434,09277886	0,8639608387
187,5	60,7753983206	0,471306	0,119658	1441,50040726	0,859521089111
188	61,1016806561	0,482295	0,123321	1446,06944254	0,856805325905
188,5	61,6237323929	0,479853	0,139194	1453,28229559	0,852552875486
189	61,9500147284	0,466422	0,142857	1457,72909855	0,849952162737
189,5	62,4068099981	0,478632	0,139194	1463,87517125	0,846383642765
190	62,7330923336	0,450549	0,131868	1468,20827853	0,843885719837
190,5	63,2551440704	0,444444	0,144078	1475,04215662	0,83997599285
191	63,5161699388	0,443223	0,155067	1478,41320939	0,838060693813
191,5	64,0382216756	0,413919	0,137973	1485,06319255	0,834307931285
192	64,299247544	0,391941	0,14652	1488,34198492	0,832469964938
192,5	64,8212992808	0,405372	0,131868	1494,80683099	0,828869640086
193	65,0823251492	0,411477	0,140415	1497,99275051	0,827106806475
193,5	65,3433510176	0,400488	0,142857	1501,14757932	0,825368549416
194	65,9306592215	0,385836	0,135531	1508,13193056	0,821546162435
194,5	66,1264286228	0,371184	0,13431	1510,42486985	0,820298993172
195	66,7137368267	0,319902	0,159951	1517,19777956	0,816637103412
195,5	66,9747626951	0,327228	0,141636	1520,15683356	0,815047482371
196	67,4968144319	0,344322	0,145299	1525,98022859	0,811937125256
196,5	67,7578403003	0,343101	0,137973	1528,84444876	0,810415998176
197	68,2798920371	0,318681	0,140415	1534,47763718	0,807440897136
197,5	68,5409179055	0,312576	0,151404	1537,24648851	0,80598655405
198	69,1282261094	0,29304	0,155067	1543,3596633	0,802794079346
198,5	69,3892519778	0,304029	0,155067	1546,0246153	0,801410267169
199	69,9113037146	0,283272	0,157509	1551,25820181	0,798706494223
199,5	70,172329583	0,288156	0,14652	1553,82672769	0,797386206534
200	70,6943813198	0,279609	0,141636	1558,86697815	0,794808035173
200,5	70,9554071882	0,253968	0,140415	1561,33859813	0,793549843376
201	71,2164330566	0,245421	0,157509	1563,77781264	0,792312047136
201,5	71,7384847934	0,225885	0,151404	1568,55882347	0,789897058026
202	71,9995106618	0,230769	0,14652	1570,90052055	0,78871958077
202,5	72,5215623986	0,234432	0,142857	1575,48605504	0,786423971217
203	72,782588267	0,177045	0,136752	1577,72979727	0,785305571424
203,5	73,1088706025	0,172161	0,147741	1580,48842109	0,783934879537
204	73,5656658722	0,151404	0,147741	1584,26436716	0,782066444012
204,5	73,8919482077	0,153846	0,152625	1586,89983305	0,780767616326
205	74,4139999445	0,130647	0,147741	1591,00950172	0,778750848857
205,5	74,6750258129	0,139194	0,147741	1593,01482529	0,777770539441
206	75,1970775497	0,130647	0,161172	1596,9262428	0,77586551388
206,5	75,4581034181	0,102564	0,168498	1598,83225557	0,774940582845
207	75,9801551549	0,101343	0,177045	1602,54469131	0,773145364816
207,5	76,2411810233	0,101343	0,164835	1604,35103725	0,772274877028
208	76,7632327601	0,113553	0,161172	1607,86379777	0,770587659051
208,5	77,0895150956	0,0915751	0,159951	1609,99150649	0,769569277233
209	77,6115668324	0,0891331	0,156288	1613,28721291	0,767997161375
209,5	77,8725927008	0,0732601	0,156288	1614,88485758	0,767237363198
210	78,3946444376	0,0744811	0,153846	1617,97956403	0,765769869746
210,5	78,655670306	0,0586081	0,145299	1619,47656158	0,765062014105
211	78,9166961744	0,0549451	0,155067	1620,93994702	0,764371315714
211,5	79,4387479112	0,0537241	0,17094	1623,7657608	0,76304109245
212	79,6997737796	0,043956	0,179487	1625,12813047	0,762401423473
212,5	80,2218255164	0,0720391	0,17094	1627,75165404	0,761172625398
213	80,5481078519	0,023199	0,181929	1629,32274652	0,760438656274
213,5	81,0701595887	0,034188	0,186813	1631,72657053	0,759318394622
214	81,3311854571	0,018315	0,181929	1632,8776953	0,758783100267
