Vernier Format 2
B.cmbl 26.09.2019 12:47:47 ,
Latest
Time	Winkel	Pyro	Sample	Wellenlänge	Energie
t	Pot	Pot	Pot	Lambda	E
s	°	V	V	nm	eV

0	-80,592004094	0,228327	0,218559	-1629,53008136	-0,760341901122
0,5	-80,657207116	0,211233	0,202686	-1629,83628882	-0,760199050974
1	-80,592004094	0,250305	0,216117	-1629,53008136	-0,760341901122
1,5	-80,657207116	0,240537	0,221001	-1629,83628882	-0,760199050974
2	-80,592004094	0,249084	0,21978	-1629,53008136	-0,760341901122
2,5	-80,657207116	0,249084	0,216117	-1629,83628882	-0,760199050974
3	-80,592004094	0,251526	0,197802	-1629,53008136	-0,760341901122
3,5	-80,657207116	0,291819	0,206349	-1629,83628882	-0,760199050974
4	-80,592004094	0,278388	0,217338	-1629,53008136	-0,760341901122
4,5	-81,179365743	0,294261	0,222222	-1632,21229182	-0,759092433139
5	-81,440177831	0,289377	0,234432	-1633,3483234	-0,758564466774
5,5	-81,70152437	0,30525	0,216117	-1634,45273429	-0,758051899578
6	-81,70152437	0,302808	0,216117	-1634,45273429	-0,758051899578
6,5	-81,70152437	0,304029	0,247863	-1634,45273429	-0,758051899578
7	-81,70152437	0,271062	0,221001	-1634,45273429	-0,758051899578
7,5	-81,440177831	0,302808	0,216117	-1633,3483234	-0,758564466774
8	-81,114162721	0,288156	0,222222	-1631,92299847	-0,759226998556
8,5	-80,918553655	0,258852	0,222222	-1631,04243927	-0,759636886305
9	-80,592004094	0,222222	0,213675	-1629,53008136	-0,760341901122
9,5	-80,135048489	0,239316	0,199023	-1627,3249226	-0,76137222677
10	-79,809033379	0,251526	0,205128	-1625,68837559	-0,762138684511
10,5	-79,482483818	0,206349	0,191697	-1623,99638226	-0,762932734047
11	-79,026062664	0,214896	0,180708	-1621,54308762	-0,764087004201
11,5	-78,764716125	0,203907	0,203907	-1620,09199314	-0,764771386592
12	-78,177354476	0,185592	0,178266	-1616,70778047	-0,766372262797
12,5	-77,98174541	0,196581	0,199023	-1615,54300533	-0,766924802321
13	-77,329180739	0,181929	0,196581	-1611,52112529	-0,768838819768
13,5	-77,133571673	0,189255	0,203907	-1610,27480296	-0,769433886518
14	-76,872225134	0,186813	0,199023	-1608,58034745	-0,770244397157
14,5	-76,350600958	0,151404	0,189255	-1605,09834023	-0,771915320668
15	-76,089254419	0,157509	0,17094	-1603,30372567	-0,772779343155
15,5	-75,763239309	0,174603	0,169719	-1601,01828839	-0,773882477787
16	-75,241080682	0,184371	0,177045	-1597,2498778	-0,775708307898
16,5	-75,045471616	0,17094	0,178266	-1595,80399707	-0,776411139637
17	-74,458109967	0,192918	0,189255	-1591,35069541	-0,778583880707
17,5	-74,26196645	0,199023	0,172161	-1589,82628848	-0,77933042684
18	-73,93595134	0,196581	0,166056	-1587,25132131	-0,780594719539
18,5	-73,478995735	0,214896	0,162393	-1583,55567057	-0,782416446118
19	-73,152980625	0,188034	0,178266	-1580,85742777	-0,783751892004
19,5	-72,630821998	0,210012	0,172161	-1576,42921712	-0,785953461496
20	-72,369475459	0,23199	0,172161	-1574,16365729	-0,787084617449
20,5	-72,108663371	0,225885	0,177045	-1571,8700789	-0,788233084037
21	-71,521301722	0,213675	0,18315	-1566,58563136	-0,790891972452
21,5	-71,325692656	0,240537	0,180708	-1564,78918029	-0,791799953378
22	-70,738331007	0,229548	0,179487	-1559,2853986	-0,794594755466
22,5	-70,542721941	0,255189	0,179487	-1557,41607183	-0,795548487275
23	-69,955360292	0,267399	0,184371	-1551,69398377	-0,798482183318
23,5	-69,759216775	0,296703	0,180708	-1549,74680001	-0,799485438518
24	-69,367998643	0,272283	0,163614	-1545,80882792	-0,80152214014
24,5	-68,911043038	0,299145	0,177045	-1541,1179096	-0,803961846321
25	-68,585027928	0,31746	0,173382	-1537,71123906	-0,805742956497
25,5	-68,128072323	0,335775	0,166056	-1532,85254581	-0,808296925487
26	-67,801522762	0,334554	0,174603	-1529,32067582	-0,810163636438
26,5	-67,605913696	0,352869	0,177045	-1527,18122365	-0,811298607402
27	-67,018552047	0,332112	0,156288	-1520,65015175	-0,814783070631
27,5	-66,822942981	0,379731	0,189255	-1518,43960242	-0,815969234486
28	-66,235581332	0,365079	0,174603	-1511,69566039	-0,819609417731
28,5	-66,039972266	0,393162	0,178266	-1509,41442669	-0,820848123675
29	-65,713422705	0,409035	0,185592	-1505,56695112	-0,822945800637
29,5	-65,191264078	0,416361	0,181929	-1499,31319961	-0,826378371325
30	-64,865248968	0,412698	0,200244	-1495,34542745	-0,828571096184
30,5	-64,408293363	0,388278	0,200244	-1489,70258483	-0,831709639638
31	-64,082278253	0,420024	0,188034	-1485,61875903	-0,833995930967
31,5	-63,625322648	0,438339	0,179487	-1479,81378194	-0,837267509686
32	-63,299307538	0,445665	0,184371	-1475,6146651	-0,839650099246
32,5	-63,037960999	0,423687	0,181929	-1472,21398131	-0,841589616544
33	-62,515802372	0,448107	0,172161	-1465,32790333	-0,845544534561
33,5	-62,254990284	0,468864	0,18315	-1461,84277698	-0,847560366621
34	-61,732831657	0,47619	0,188034	-1454,77442824	-0,851678429279
34,5	-61,537222591	0,46398	0,166056	-1452,09536936	-0,853249742504
35	-61,21067303	0,495726	0,184371	-1447,58525575	-0,855908137413
35,5	-60,689048854	0,507937	0,174603	-1440,28339934	-0,860247365602
36	-60,427702315	0,543346	0,169719	-1436,5800633	-0,862464983088
36,5	-60,166890227	0,498168	0,157509	-1432,85450271	-0,864707475639
37	-59,6447316	0,515263	0,164835	-1425,30660286	-0,869286648578
37,5	-59,383919512	0,532357	0,140415	-1421,49214562	-0,871619307796
38	-58,796557863	0,537241	0,15873	-1412,79406247	-0,876985565632
38,5	-58,600414346	0,525031	0,144078	-1409,85631083	-0,878812961637
39	-58,013052697	0,540904	0,148962	-1400,96038289	-0,884393316995
39,5	-57,752240609	0,549451	0,136752	-1396,96297673	-0,886924006318
40	-57,16487896	0,570208	0,141636	-1387,85475064	-0,892744719453
40,5	-56,969269894	0,556777	0,152625	-1384,78901595	-0,89472113494
41	-56,642720333	0,573871	0,150183	-1379,63513636	-0,898063529516
41,5	-56,186299179	0,571429	0,157509	-1372,35645867	-0,902826661522
42	-55,859749618	0,605617	0,145299	-1367,09541088	-0,90630104537
42,5	-55,337590991	0,583639	0,153846	-1358,59069736	-0,911974447056
43	-55,076778903	0,571429	0,147741	-1354,30039303	-0,914863501758
43,5	-54,881169837	0,582418	0,131868	-1351,06424397	-0,91705483698
44	-54,293808188	0,622711	0,136752	-1341,25247216	-0,923763441796
44,5	-54,032461649	0,661783	0,144078	-1336,84135156	-0,926811546149
45	-53,706446539	0,649573	0,153846	-1331,2997479	-0,930669446873
45,5	-53,249490934	0,695971	0,159951	-1323,45991196	-0,93618249318
46	-52,988678846	0,677656	0,135531	-1318,94747811	-0,939385396736
46,5	-52,466520219	0,698413	0,13431	-1309,8313285	-0,945923320844
47	-52,139970658	0,73138	0,137973	-1304,07489778	-0,950098803455
47,5	-51,748752526	0,737485	0,137973	-1297,12272922	-0,955191033266
48	-51,356999943	0,705739	0,129426	-1290,10046487	-0,960390321329
48,5	-51,096187855	0,757021	0,136752	-1285,39187924	-0,963908376897
49	-50,508826206	0,754579	0,128205	-1274,69053023	-0,972000631226
49,5	-50,378420162	0,78022	0,141636	-1272,29640449	-0,973829679644
50	-49,725855491	0,811966	0,139194	-1260,21720304	-0,983163852236
50,5	-49,529711974	0,765568	0,128205	-1256,55449366	-0,98602965988
51	-48,942884776	0,802198	0,129426	-1245,508542	-0,994774389912
51,5	-48,746741259	0,80464	0,151404	-1241,78730719	-0,997755406927
52	-48,15937961	0,80464	0,141636	-1230,5570162	-1,00686110736
52,5	-47,898567522	0,819292	0,145299	-1225,5287862	-1,01099216433
53	-47,637755434	0,84127	0,153846	-1220,47516209	-1,01517838174
53,5	-47,115596807	0,858364	0,156288	-1210,28166594	-1,02372863678
54	-46,854250268	0,849817	0,151404	-1205,14190224	-1,02809469798
54,5	-46,332626092	0,879121	0,14652	-1194,80853683	-1,03698622985
55	-46,006076531	0,871795	0,155067	-1188,28913858	-1,04267552381
55,5	-45,810467465	0,908425	0,166056	-1184,3654023	-1,04612984945
56	-45,223105816	0,869353	0,181929	-1172,50069859	-1,0567157883
56,5	-45,02749675	0,90232	0,212454	-1168,52198338	-1,06031381319
57	-44,440135101	0,905983	0,249084	-1156,49330499	-1,0713421294
57,5	-44,178788562	0,910867	0,272283	-1151,10199982	-1,07635987097
58	-43,591426913	0,941392	0,323565	-1138,89811758	-1,08789362356
58,5	-43,395817847	0,931624	0,371184	-1134,80722783	-1,0918153935
59	-42,87365922	0,896215	0,431013	-1123,82236285	-1,10248740455
59,5	-42,612847132	0,916972	0,467643	-1118,30054113	-1,1079311459
60	-42,286297571	0,881563	0,517705	-1111,35429327	-1,11485599822
60,5	-41,829876417	0,876679	0,576313	-1101,5850222	-1,12474296131
61	-41,503326856	0,892552	0,630037	-1094,55259793	-1,13196935656
61,5	-41,046371251	0,863248	0,722833	-1084,65217262	-1,14230168093
62	-40,720356141	0,777778	0,794872	-1077,54650506	-1,14983436369
62,5	-40,459009602	0,753358	0,886447	-1071,82511824	-1,15597216273
63	-39,872182404	0,698413	0,976801	-1058,89725043	-1,17008519901
63,5	-39,676038887	0,643468	1,10379	-1054,55135151	-1,17490722308
64	-39,088677238	0,506716	1,19658	-1041,4636252	-1,18967189062
64,5	-38,893068172	0,433455	1,31258	-1037,08065711	-1,19469974828
65	-38,305706523	0,296703	1,40659	-1023,84734115	-1,21014134647
65,5	-38,044894435	0,212454	1,47009	-1017,93664002	-1,21716809405
66	-37,522735808	0,115995	1,50794	-1006,03986313	-1,23156153689
66,5	-37,327126742	0,0683761	1,50183	-1001,56157141	-1,23706822962
67	-36,870171137	0,041514	1,48596	-991,054590874	-1,25018340201
67,5	-36,478418554	0,00732601	1,43834	-981,996639696	-1,26171511176
68	-36,152403444	0,00732601	1,37973	-974,423627809	-1,27152089157
68,5	-35,695447839	0,00732601	1,30525	-963,755952282	-1,28559517279
69	-35,369432729	0,010989	1,25275	-956,107587232	-1,29587926772
69,5	-34,847274102	0,018315	1,17094	-943,793274945	-1,31278748524
70	-34,585927563	0,035409	1,11844	-937,600317959	-1,32145859624
70,5	-34,064303387	0,00854701	1,05617	-925,181537658	-1,33919663284
71	-33,737753826	0,00854701	1,00611	-917,367981669	-1,35060305652
71,5	-33,280798221	0,00732601	0,970696	-906,384150914	-1,36697006314
72	-32,954783111	0,00610501	0,905983	-898,512454169	-1,37894582791
72,5	-32,759174045	0,019536	0,86569	-893,775456269	-1,38625422225
73	-32,171812396	0,023199	0,825397	-879,489137812	-1,40877237334
73,5	-31,910465857	0,00854701	0,796093	-873,102639778	-1,41907714346
74	-31,388841681	0,025641	0,764347	-860,301585025	-1,44019262729
74,5	-31,127495142	0,00854701	0,74359	-853,861062884	-1,45105574415
75	-30,605336515	0,00610501	0,713065	-840,940117894	-1,47335104324
75,5	-30,344524427	0,00732601	0,68254	-834,460035365	-1,48479249753
76	-29,8223658	0,00610501	0,663004	-821,434765587	-1,50833645215
76,5	-29,561553712	0,00854701	0,652015	-814,903180184	-1,52042602131
77	-28,974192063	0,00732601	0,643468	-800,132103024	-1,54849429903
77,5	-28,712845524	0,00732601	0,644689	-793,532589536	-1,56137254643
78	-28,386830414	0,00732601	0,643468	-785,276939844	-1,57778732207
78,5	-27,929874809	0,013431	0,643468	-773,66276448	-1,60147296327
79	-27,473453655	0,00610501	0,632479	-762,013049096	-1,62595640779
79,5	-27,146904094	0,00732601	0,636142	-753,648465087	-1,64400255211
80	-26,886092006	0,00610501	0,611722	-746,950152425	-1,65874522681
80,5	-26,363933379	0,00732601	0,593407	-733,493428842	-1,68917668691
81	-26,10258684	0,020757	0,529915	-726,735234405	-1,70488499985
81,5	-25,580962664	0,01221	0,41514	-713,201419511	-1,73723714803
82	-25,254413103	0,020757	0,290598	-704,698760978	-1,7581980679
82,5	-24,797457498	0,00854701	0,202686	-692,762239708	-1,78849239895
83	-24,471442388	0,014652	0,144078	-684,21914736	-1,81082333749
83,5	-24,2106303	0,01221	0,148962	-677,368710326	-1,829136748
84	-23,688471673	0,00732601	0,144078	-663,611762171	-1,86705551443
84,5	-23,361922112	0,025641	0,130647	-654,980304618	-1,8916599343
85	-22,839763485	0,014652	0,137973	-641,134355985	-1,93251225493
85,5	-22,644154419	0,025641	0,153846	-635,933667651	-1,94831640944
86	-22,05679277	0,00976801	0,159951	-620,273092937	-1,9975072498
86,5	-21,861183704	0,023199	0,159951	-615,043100901	-2,0144929651
87	-21,273822055	0,00732601	0,144078	-599,295999649	-2,06742578079
87,5	-21,013009967	0,018315	0,14652	-592,283365879	-2,09190409756
88	-20,49085134	0,025641	0,161172	-578,206993398	-2,14283122506
88,5	-20,229504801	0,017094	0,159951	-571,143497211	-2,16933223621
89	-19,707880625	0,026862	0,144078	-557,010012361	-2,22437653275
89,5	-19,446534086	0,00732601	0,157509	-549,911355599	-2,253090407
90	-18,924375459	0,041514	0,150183	-535,694440326	-2,31288568021
90,5	-18,663563371	0,019536	0,161172	-528,576523149	-2,34403146136
91	-18,337548261	0,03663	0,159951	-519,663741888	-2,38423407317
91,5	-17,880592656	0,021978	0,172161	-507,142983942	-2,44309798071
92	-17,554043095	0,021978	0,15873	-498,175592279	-2,48707487722
92,5	-17,097621941	0,04884	0,168498	-485,614740492	-2,55140525336
93	-16,77107238	0,026862	0,169719	-476,609038014	-2,59961499086
93,5	-16,248913753	0,037851	0,174603	-462,176709505	-2,68079281046
94	-15,922898643	0,019536	0,174603	-453,146195591	-2,73421693055
94,5	-15,465943038	0,0561661	0,178266	-440,464044534	-2,81294243055
95	-15,008987433	0,031746	0,168498	-427,753877168	-2,89652546975
95,5	-14,682972323	0,035409	0,178266	-418,669126992	-2,95937751346
96	-14,356422762	0,0634921	0,163614	-409,555895582	-3,02522809064
96,5	-13,834798586	0,0525031	0,163614	-394,971114099	-3,13693826149
97	-13,573452047	0,047619	0,166056	-387,65139447	-3,19617062566
97,5	-13,05129342	0,041514	0,167277	-373,002920709	-3,32168980781
98	-12,790481332	0,0695971	0,169719	-365,67450306	-3,38825920219
98,5	-12,268322705	0,0757021	0,179487	-350,980032905	-3,53011534515
99	-11,942307595	0,0500611	0,180708	-341,790529936	-3,62502729444
99,5	-11,420148968	0,0573871	0,177045	-327,049329571	-3,78841932385
100	-11,15933688	0,0598291	0,167277	-319,676024877	-3,87579894512
100,5	-10,702381275	0,0732601	0,175824	-306,741755321	-4,03922836883
101	-10,375831714	0,0769231	0,174603	-297,48666787	-4,16489252736
101,5	-9,854207538	0,0793651	0,157509	-282,682841888	-4,38300390546
102	-9,527657977	0,0805861	0,166056	-273,403279954	-4,53176713977
102,5	-9,070702372	0,108669	0,17094	-260,403126844	-4,7580073827
103	-8,744687262	0,111111	0,168498	-251,117991494	-4,93393560784
103,5	-8,287731657	0,133089	0,181929	-238,089964013	-5,20391527267
104	-7,961716547	0,123321	0,179487	-228,785809081	-5,41554567995
104,5	-7,43955792	0,119658	0,173382	-213,8686018	-5,79327675765
105	-7,178211381	0,142857	0,19536	-206,395616429	-6,00303447059
105,5	-6,917399293	0,120879	0,206349	-198,933632037	-6,22820780636
106	-6,330037644	0,140415	0,200244	-182,114018011	-6,80343014519
106,5	-6,069225556	0,123321	0,212454	-174,639195012	-7,09462729666
107	-5,547066929	0,177045	0,208791	-159,663512687	-7,76006978145
107,5	-5,286254841	0,168498	0,210012	-152,178291956	-8,14176571493
108	-4,764096214	0,188034	0,216117	-137,183191684	-9,03171871707
108,5	-4,502749675	0,191697	0,196581	-129,673611195	-9,55475820089
109	-3,981125499	0,2442	0,213675	-114,677252994	-10,8042350828
109,5	-3,71977896	0,242979	0,205128	-107,160056948	-11,5621439115
110	-3,132417311	0,2442	0,217338	-90,2576827945	-13,7273632741
110,5	-2,936808245	0,289377	0,223443	-84,6264915566	-14,6408054642
111	-2,349446596	0,345543	0,230769	-67,7118678084	-18,2981217341
111,5	-2,088634508	0,411477	0,251526	-60,1987106379	-20,5818361701
112	-1,501272859	0,568987	0,29304	-43,2743814131	-28,6312584846
112,5	-1,23992632	0,763126	0,368742	-35,7423341601	-34,6647757936
113	-0,979114232	1,40537	0,971917	-28,2249483867	-43,8973344795
113,5	-0,456955605	4,99023	4,99145	-13,1731711867	-94,0548014174
114	-0,196143517	4,99145	4,99145	-5,65449781813	-219,117601572
114,5	0,32601511	4,99023	4,99145	9,39845175416	131,830224
115	0,586827198	4,99023	4,99145	16,9170086755	73,2398985997
115,5	1,108985825	4,98901	4,99145	31,9683196214	38,7571200074
116	1,435535386	4,90842	1,41636	41,3798959797	29,9420762345
116,5	1,89195654	1,52503	0,52381	54,5322177018	22,7205137113
117	2,218506101	0,57265	0,257631	63,9400590455	19,3775235509
117,5	2,675461706	0,399267	0,233211	77,1013229867	16,0697631636
118	3,001476816	0,300366	0,238095	86,4882818991	14,3256401075
118,5	3,523635443	0,289377	0,227106	101,516843643	12,2048711873
119	3,784447531	0,235653	0,223443	109,020353869	11,3648502874
119,5	4,306606158	0,247863	0,218559	124,035805761	9,9890510841
120	4,567952697	0,241758	0,208791	131,547425747	9,41865637403
120,5	4,828764785	0,191697	0,196581	139,040956075	8,91104344343
121	5,350923412	0,197802	0,191697	154,034558586	8,04364949903
121,5	5,6117355	0,19536	0,190476	161,51897346	7,67092542416
122	6,133894127	0,169719	0,180708	176,492926901	7,0201113538
122,5	6,459909237	0,155067	0,184371	185,834714549	6,66721501957
123	6,982067864	0,133089	0,178266	200,784227507	6,17080343103
123,5	7,243414403	0,161172	0,184371	208,260450328	5,94928128719
124	7,765038579	0,123321	0,175824	223,169209176	5,55184115485
124,5	8,026385118	0,124542	0,18315	230,631985853	5,37219499462
125	8,613746767	0,125763	0,169719	247,386410442	5,00835918103
125,5	8,809355833	0,114774	0,181929	252,960452997	4,89799881888
126	9,396717482	0,102564	0,194139	269,679831269	4,59433690005
126,5	9,65752957	0,0927961	0,190476	277,094922701	4,47139192563
127	9,918876109	0,0781441	0,17094	284,51944956	4,35471108185
127,5	10,441034736	0,0879121	0,163614	299,335437585	4,13916912075
128	10,701846824	0,0854701	0,178266	306,726615937	4,0394277367
128,5	11,289208473	0,0561661	0,163614	323,348405517	3,83178014446
129	11,550020561	0,0842491	0,179487	330,718354802	3,74639018975
129,5	12,072179188	0,0500611	0,175824	345,452609078	3,58659905133
130	12,333525727	0,0549451	0,159951	352,816579395	3,51173973208
130,5	12,855149903	0,041514	0,157509	367,492302572	3,37149918876
131	13,116496442	0,0622711	0,147741	374,833823397	3,30546477575
131,5	13,638655069	0,0512821	0,142857	389,478343235	3,18117816182
132	13,899467157	0,029304	0,150183	396,781070664	3,12262880366
132,5	14,356422762	0,017094	0,151404	409,555895582	3,02522809064
133	14,747640894	0,031746	0,151404	420,472271059	2,94668658383
133,5	15,008987433	0,00732601	0,151404	427,753877168	2,89652546975
134	15,530611609	0,037851	0,159951	442,260549034	2,80151599031
134,5	15,791958148	0,00610501	0,14652	449,515039856	2,75630377217
135	16,379319797	0,017094	0,136752	465,78474161	2,6600270239
135,5	16,574928863	0,020757	0,148962	471,192259784	2,62949990003
136	17,162290512	0,045177	0,163614	487,396331882	2,54207904113
136,5	17,4231026	0,00610501	0,150183	494,57526802	2,50517985859
137	17,684449139	0,034188	0,162393	501,758635405	2,4693147513
137,5	18,206607766	0,019536	0,15873	516,079266241	2,40079398854
138	18,467419854	0,014652	0,147741	523,216275609	2,36804560133
138,5	18,989578481	0,023199	0,155067	537,472190987	2,30523554665
139	19,315593591	0,029304	0,153846	546,350457392	2,26777516745
139,5	19,772549196	0,010989	0,164835	558,764747794	2,21739113803
140	20,098564306	0,00732601	0,152625	567,600049177	2,18287507514
140,5	20,620722933	0,00610501	0,141636	581,712609024	2,12991773047
141	20,882069472	0,00976801	0,155067	588,758042314	2,10442985226
141,5	21,403693648	0,00610501	0,141636	602,783324122	2,055464958
142	21,665040187	0,00854701	0,144078	609,791621262	2,0318416272
142,5	22,187198814	0,00976801	0,150183	623,755741601	1,98635446116
143	22,448010902	0,017094	0,148962	630,711327287	1,96444862554
143,5	22,70882299	0,00854701	0,13431	637,653844044	1,94306050465
144	23,296184639	0,00732601	0,123321	653,240130073	1,89669915083
144,5	23,492328156	0,00732601	0,140415	658,429804295	1,88174956832
145	24,079689805	0,014652	0,123321	673,924152948	1,83848582156
145,5	24,340501893	0,00854701	0,148962	680,781654363	1,81996678679
146	24,86266052	0,010989	0,140415	694,468175515	1,78409903244
146,5	25,123472608	0,00732601	0,15873	701,282902885	1,76676202272
147	25,645631235	0,00976801	0,196581	714,8825126	1,733151921
147,5	25,971646345	0,019536	0,319902	723,343532536	1,71287907373
148	26,42860195	0,013431	0,468864	735,163352014	1,68533972294
148,5	26,689948489	0,00732601	0,620269	741,902487516	1,6700307936
149	27,276775687	0,019536	0,713065	756,978079872	1,63677130546
149,5	27,538122226	0,013431	0,748474	763,666610227	1,62243573754
150	27,798934314	0,00854701	0,752137	770,325622598	1,60841073392
150,5	28,321092941	0,00610501	0,758242	783,609187275	1,58114532106
151	28,581905029	0,00610501	0,749695	790,219868007	1,56791805694
151,5	29,104063656	0,00854701	0,757021	803,405432585	1,54218524016
152	29,430613217	0,00610501	0,746032	811,61762788	1,52658093841
152,5	29,952771844	0,00732601	0,758242	824,694183897	1,50237509151
153	30,213583932	0,00732601	0,777778	831,200187309	1,49061564099
153,5	30,409192998	0,00732601	0,759463	836,068394471	1,48193617675
154	30,996554647	0,00610501	0,776557	850,627527822	1,4565717185
154,5	31,257901186	0,00610501	0,798535	857,076967596	1,44561112577
155	31,844728384	0,00610501	0,807082	871,493355488	1,42169758633
155,5	32,040871901	0,00732601	0,838828	876,291637648	1,41391284222
156	32,62823355	0,00854701	0,875458	890,59869094	1,39119899075
156,5	32,889045638	0,00854701	0,898657	896,921677868	1,3813915201
157	33,411204265	0,00976801	0,954823	909,524627115	1,36225008434
157,5	33,672016353	0,00732601	0,993895	915,791428604	1,35292814641
158	34,19417498	0,00732601	1,0293	928,280718013	1,33472555872
158,5	34,454987068	0,010989	1,09646	934,490163795	1,32585665211
159	34,781536629	0,014652	1,17949	942,237380674	1,31495526012
159,5	35,238492234	0,00610501	1,21856	953,02697576	1,30006813187
160	35,564507344	0,00610501	1,2906	960,687803511	1,28970097827
160,5	36,086665971	0,010989	1,36142	972,892780686	1,27352163013
161	36,347478059	0,00488401	1,4359	978,958826821	1,26563034732
161,5	36,608824598	0,00732601	1,48962	985,016955953	1,25784636753
162	37,196186247	0,00732601	1,51404	998,557281953	1,24079011029
162,5	37,391795313	0,014652	1,5641	1003,04339384	1,23524067614
163	37,979156962	0,041514	1,60317	1016,44351963	1,2189560719
163,5	38,23996905	0,0622711	1,60928	1022,3595487	1,21190240906
164	38,762127677	0,105006	1,57631	1034,13994593	1,19809703211
164,5	39,022939765	0,173382	1,53236	1039,99201222	1,19135530412
165	39,545098392	0,288156	1,45299	1051,64325619	1,17815617863
165,5	39,806444931	0,363858	1,34066	1057,44210305	1,17169535469
166	40,39380658	0,470085	1,23687	1070,39421605	1,15751746546
166,5	40,589415646	0,593407	1,11477	1074,68275654	1,1528983716
167	40,980633778	0,604396	0,982906	1083,22220967	1,14380963476
167,5	41,372386361	0,714286	0,880342	1091,722723	1,13490355554
168	41,698935922	0,735043	0,785104	1098,76943127	1,12762510927
168,5	42,220560098	0,772894	0,714286	1109,9515764	1,11626491312
169	42,481906637	0,800977	0,648352	1115,51957076	1,11069319846
169,5	43,004065264	0,820513	0,586081	1126,57454835	1,09979406318
170	43,330080374	0,847375	0,521368	1133,42944879	1,09314258714
170,5	43,852239001	0,836386	0,454212	1144,33197986	1,08272775891
171	44,113051089	0,822955	0,405372	1149,7421305	1,07763294667
171,5	44,374397628	0,830281	0,369963	1155,13947043	1,07259775266
172	44,896021804	0,836386	0,316239	1165,84010855	1,06275293749
172,5	45,157368343	0,842491	0,266178	1171,16511171	1,05792085813
173	45,67952697	0,821734	0,211233	1181,73114152	1,04846183406
173,5	45,940339058	0,813187	0,188034	1186,97204878	1,04383249906
174	46,462497685	0,847375	0,167277	1197,39058281	1,03475007887
174,5	46,788512795	0,818071	0,161172	1203,84512732	1,02920215556
175	47,310671422	0,781441	0,147741	1214,10168817	1,02050760004
175,5	47,572017961	0,787546	0,145299	1219,19740576	1,01624231986
176	48,093642137	0,788767	0,145299	1229,29205433	1,0078971841
176,5	48,354988676	0,746032	0,131868	1234,31146112	1,00379850551
177	48,615800764	0,744811	0,141636	1239,29500105	0,999761960595
177,5	49,137959391	0,73138	0,133089	1249,19502028	0,991838728051
178	49,398771479	0,727717	0,131868	1254,10116133	0,987958577986
178,5	49,920930106	0,711844	0,123321	1263,84530387	0,98034149924
179	50,247479667	0,753358	0,133089	1269,88583541	0,975678258195
179,5	50,769103843	0,717949	0,13431	1279,44921542	0,968385446698
180	51,030450382	0,716728	0,131868	1284,20087761	0,964802330849
180,5	51,29126247	0,69475	0,123321	1288,91618566	0,961272745103
181	51,813421097	0,663004	0,1221	1298,27610723	0,95434244927
181,5	52,074233185	0,661783	0,10989	1302,91094649	0,950947571155
182	52,596391812	0,654457	0,111111	1312,10889583	0,944281380862
182,5	52,857738351	0,671551	0,125763	1316,67170378	0,941009058252
183	53,379362527	0,672772	0,133089	1325,69666029	0,934602942824
183,5	53,705912088	0,67033	0,117216	1331,29062787	0,930675822442
184	54,228070715	0,669109	0,139194	1340,14554975	0,924526444332
184,5	54,423679781	0,649573	0,136752	1343,43412782	0,92226330591
185	55,01104143	0,623932	0,131868	1353,2145939	0,915597574537
185,5	55,271853518	0,592186	0,137973	1357,51197973	0,912699127892
186	55,663606101	0,562882	0,131868	1363,91397968	0,90841506023
186,5	56,055358684	0,529915	0,128205	1370,25221736	0,904213096173
187	56,316170772	0,512821	0,141636	1374,43644253	0,901460381625
187,5	56,838329399	0,556777	0,135531	1382,72779585	0,896054887821
188	57,099141487	0,555556	0,15873	1386,82626564	0,893406788362
188,5	57,621300114	0,537241	0,150183	1394,94516277	0,888206958287
189	57,947315224	0,496947	0,148962	1399,95557299	0,885028085106
189,5	58,469473851	0,474969	0,151404	1407,88594263	0,88004288024
190	58,73082039	0,484737	0,145299	1411,81131836	0,877596024264
190,5	59,252444566	0,457875	0,142857	1419,55811254	0,872806818584
191	59,578994127	0,492063	0,145299	1424,34795279	0,86987171749
191,5	60,0357893967	0,512821	0,136752	1430,97057993	0,865845893253
192	60,3620717322	0,529915	0,139194	1435,6453655	0,863026503463
192,5	60,6883540677	0,474969	0,123321	1440,27359376	0,860253222282
193	61,1451493374	0,462759	0,124542	1446,67461156	0,856446909414
193,5	61,4061752058	0,467643	0,123321	1450,2910768	0,85431126194
194	61,9282269426	0,47619	0,129426	1457,43363081	0,850124474836
194,5	62,189252811	0,454212	0,13431	1460,95957134	0,848072749108
195	62,7765610149	0,461538	0,135531	1468,78196188	0,843556111223
195,5	63,0375868833	0,456654	0,129426	1472,20909128	0,841592411932
196	63,5596386201	0,449328	0,144078	1478,97161283	0,837744273959
196,5	63,8206644885	0,42735	0,139194	1482,30686463	0,835859314668
197	64,3427162253	0,417582	0,130647	1488,88500416	0,832166350349
197,5	64,6037420937	0,417582	0,140415	1492,12775536	0,830357853441
198	65,1257938305	0,434676	0,128205	1498,52028412	0,826815634818
198,5	65,3868196989	0,422466	0,133089	1501,669929	0,825081448375
199	65,7131020344	0,388278	0,141636	1505,56314885	0,822947878968
199,5	66,2351537712	0,391941	0,14652	1511,69069329	0,819612110795
200	66,4961796396	0,385836	0,151404	1514,70743461	0,817979744263
200,5	67,0182313764	0,323565	0,144078	1520,6465424	0,814785004572
201	67,2792572448	0,326007	0,141636	1523,56878559	0,813222226469
201,5	67,8013089816	0,343101	0,15873	1529,31834734	0,810164869958
202	68,06233485	0,327228	0,148962	1532,14554657	0,808669909185
202,5	68,5843865868	0,312576	0,150183	1537,70448831	0,805746493828
203	68,8454124552	0,288156	0,148962	1540,43611546	0,804317678328
203,5	69,367464192	0,313797	0,15873	1545,80339884	0,801524955199
204	69,6937465275	0,277167	0,147741	1549,09281048	0,799822961942
204,5	70,2157982643	0,272283	0,14652	1554,25133372	0,797168368539
205	70,4768241327	0,257631	0,126984	1556,78223439	0,795872391545
205,5	70,9988758695	0,247863	0,128205	1561,7470512	0,793342301524
206	71,2599017379	0,25641	0,13431	1564,1808643	0,792107887444
206,5	71,5861840734	0,240537	0,148962	1567,17747168	0,790593294244
207	72,0429793431	0,230769	0,147741	1571,2873182	0,788525424759
207,5	72,3040052115	0,238095	0,144078	1573,59097715	0,78737106274
208	72,8913134154	0,217338	0,13431	1578,65472583	0,7848454635
208,5	73,0870828167	0,210012	0,139194	1580,30580763	0,784025467743
209	73,6743910206	0,200244	0,136752	1585,14827987	0,781630346976
209,5	73,8701604219	0,179487	0,159951	1586,72545008	0,780853423594
210	74,1964427574	0,163614	0,164835	1589,31289263	0,779582173998
210,5	74,6532380271	0,142857	0,164835	1592,84870539	0,777851653963
211	74,9795203626	0,129426	0,151404	1595,31231254	0,776650434065
211,5	75,5015720994	0,10989	0,15873	1599,14644208	0,774788329197
212	76,0236238362	0,130647	0,159951	1602,84781168	0,772999152491
212,5	76,2846497046	0,128205	0,168498	1604,64861504	0,772131660716
213	76,8719579085	0,0952381	0,161172	1608,57859774	0,770245234978
213,5	77,0677273098	0,0830281	0,147741	1609,85105296	0,769636419296
214	77,5897790466	0,0903541	0,145299	1613,15234324	0,768061370766
214,5	77,9160613821	0,0622711	0,162393	1615,14765897	0,767112525668
215	78,1770872505	0,0744811	0,155067	1616,7062021	0,766373010997
215,5	78,6991389873	0,0561661	0,155067	1619,72259288	0,764945803343
216	78,9601648557	0,0561661	0,159951	1621,18037792	0,764257954805
216,5	79,2211907241	0,045177	0,157509	1622,60451549	0,763587176153
217	79,7432424609	0,0781441	0,169719	1625,3517307	0,762296539635
217,5	80,0695247964	0,017094	0,185592	1627,00023228	0,76152416909
218	80,5263200661	0,025641	0,178266	1629,21948126	0,760486855365
218,5	80,8526024016	0,04884	0,163614	1630,74126543	0,759777180025
219	81,3746541384	0,040293	0,180708	1633,06610114	0,758695559927
219,5	81,6356800068	0,041514	0,192918	1634,17768964	0,758179485532
220	82,1577317436	0,029304	0,180708	1636,29909259	0,757196533083
220,5	82,418757612	0,039072	0,172161	1637,30886302	0,756729550537
221	82,9408093488	0,043956	0,190476	1639,22643696	0,755844325144
221,5	83,2018352172	0,02442	0,180708	1640,13420068	0,75542598861
222	83,723886954	0,0671551	0,199023	1641,84758742	0,754637646937
222,5	83,9849128224	0,0854701	0,194139	1642,65317488	0,754267558696
223	84,5722210263	0,0976801	0,197802	1644,34106931	0,753493312992
223,5	84,8332468947	0,0647131	0,200244	1645,0357966	0,753175099629
