Vernier Format 2
Bandlücke-Si2_Background.cmbl 26.09.2019 13:03:58 ,
Latest
Time	Potential	Pyro	Sample	Wellenlänge	Energie
t	Pot	Pot	Pot	Lambda	E
s	°	V	V	nm	eV

0	82,8973406675	0,00610501	0,128205	1639,07196179	0,755915560073
0,5	82,8973406675	0,00732601	0,120879	1639,07196179	0,755915560073
1	82,8973406675	0,00732601	0,1221	1639,07196179	0,755915560073
1,5	82,8973406675	0,00610501	0,123321	1639,07196179	0,755915560073
2	82,8973406675	0,00610501	0,117216	1639,07196179	0,755915560073
2,5	82,8973406675	0,00610501	0,119658	1639,07196179	0,755915560073
3	82,8973406675	0,00488401	0,118437	1639,07196179	0,755915560073
3,5	82,8973406675	0,00610501	0,118437	1639,07196179	0,755915560073
4	82,8973406675	0,00732601	0,125763	1639,07196179	0,755915560073
4,5	82,8973406675	0,00610501	0,118437	1639,07196179	0,755915560073
5	82,8973406675	0,00488401	0,125763	1639,07196179	0,755915560073
5,5	82,8973406675	0,00732601	0,130647	1639,07196179	0,755915560073
6	83,4193924043	0,00610501	0,133089	1640,86478551	0,755089639892
6,5	83,6804182727	0,00610501	0,128205	1641,71012246	0,754700834848
7	84,0067006082	0,00732601	0,130647	1642,71887572	0,754237391629
7,5	83,9414441411	0,00610501	0,130647	1642,52138585	0,754328077962
8	83,9414441411	0,00610501	0,1221	1642,52138585	0,754328077962
8,5	83,9414441411	0,00732601	0,130647	1642,52138585	0,754328077962
9	83,6804182727	0,00488401	0,126984	1641,71012246	0,754700834848
9,5	83,3541359372	0,00610501	0,136752	1640,64812931	0,75518935344
10	82,8973406675	0,00610501	0,123321	1639,07196179	0,755915560073
10,5	82,6363147991	0,00610501	0,118437	1638,12451225	0,756352762405
11	82,1142630623	0,00610501	0,1221	1636,12763608	0,757275882807
11,5	81,8532371939	0,00610501	0,125763	1635,07825092	0,757761898739
12	81,3311854571	0,00976801	0,133089	1632,8776953	0,758783100267
12,5	81,0049031216	0,00610501	0,131868	1631,43349677	0,759454799996
13	80,8091337203	0,00610501	0,114774	1630,54157941	0,759870226952
13,5	80,2218255164	0,00610501	0,108669	1627,75165404	0,761172625398
14	80,0260561151	0,00610501	0,113553	1626,78365735	0,761625551378
14,5	79,4387479112	0,00610501	0,113553	1623,7657608	0,76304109245
15	79,1777220428	0,00610501	0,125763	1622,36968999	0,763697699511
15,5	78,655670306	0,00732601	0,131868	1619,47656158	0,765062014105
16	78,3946444376	0,00610501	0,125763	1617,97956403	0,765769869746
16,5	78,1336185692	0,00732601	0,133089	1616,44898544	0,766494959729
17	77,6115668324	0,00610501	0,124542	1613,28721291	0,767997161375
17,5	77,350540964	0,00488401	0,118437	1611,6560846	0,768774437574
18	76,7632327601	0,00732601	0,128205	1607,86379777	0,770587659051
18,5	76,5022068917	0,00610501	0,133089	1606,124085	0,771422340012
19	75,9801551549	0,00610501	0,1221	1602,54469131	0,773145364816
19,5	75,7191292865	0,00610501	0,137973	1600,70508469	0,77403390034
20	75,1970775497	0,00610501	0,117216	1596,9262428	0,77586551388
20,5	74,9360516813	0,00610501	0,108669	1594,98708596	0,77680879733
21	74,5445128787	0,00610501	0,115995	1592,01629378	0,778258366351
21,5	74,1529740761	0,00488401	0,123321	1588,97115687	0,779749836644
22	73,8266917406	0,00610501	0,128205	1586,37685416	0,781025011021
22,5	73,3046400038	0,00610501	0,112332	1582,11899888	0,783126933483
23	73,0436141354	0,00732601	0,129426	1579,94079385	0,784206601172
23,5	72,5215623986	0,00610501	0,129426	1575,48605504	0,786423971217
24	72,3257929973	0,00610501	0,129426	1573,78178701	0,787275599593
24,5	71,7384847934	0,00610501	0,131868	1568,55882347	0,789897058026
25	71,477458925	0,00610501	0,133089	1566,18457107	0,791094499897
25,5	70,9554071882	0,00732601	0,145299	1561,33859813	0,793549843376
26	70,6943813198	0,00732601	0,144078	1558,86697815	0,794808035173
26,5	70,172329583	0,00610501	0,135531	1553,82672769	0,797386206534
27	69,9113037146	0,00610501	0,124542	1551,25820181	0,798706494223
27,5	69,6502778462	0,00610501	0,135531	1548,65747969	0,800047793816
28	69,1282261094	0,00732601	0,13431	1543,3596633	0,802794079346
28,5	68,8019437739	0,00610501	0,124542	1539,98343441	0,804554109034
29	68,2798920371	0,00610501	0,123321	1534,47763718	0,807440897136
29,5	68,0188661687	0,00610501	0,112332	1531,67693789	0,808917317582
30	67,4968144319	0,00610501	0,118437	1525,98022859	0,811937125256
30,5	67,2357885635	0,00610501	0,111111	1523,08433682	0,813480888777
31	66,7137368267	0,00732601	0,1221	1517,19777956	0,816637103412
31,5	66,4527109583	0,00732601	0,1221	1514,20723624	0,818249953077
32	66,1916850899	0,00732601	0,131868	1511,18526567	0,81988623642
32,5	65,604376886	0,00610501	0,124542	1504,27125192	0,823654642352
33	65,4086074847	0,00610501	0,131868	1501,9314209	0,824937798594
33,5	64,8865557479	0,00732601	0,133089	1495,60622202	0,828426615079
34	64,6255298795	0,00610501	0,133089	1492,39702781	0,830208032386
34,5	64,299247544	0,00488401	0,13431	1488,34198492	0,832469964938
35	63,7771958072	0,00610501	0,137973	1481,7535778	0,83617142456
35,5	63,5161699388	0,00610501	0,14652	1478,41320939	0,838060693813
36	62,994118202	0,00732601	0,13431	1471,64048947	0,841917580326
36,5	62,6678358665	0,00732601	0,1221	1467,34546167	0,844381934839
37	62,1457841297	0,00610501	0,123321	1460,37449823	0,848412514394
37,5	61,8847582613	0,00732601	0,114774	1456,84351525	0,850468830066
38	61,3627065245	0,00610501	0,112332	1449,69091318	0,854664941842
38,5	61,1016806561	0,00732601	0,111111	1446,06944254	0,856805325905
39	60,8406547877	0,00488401	0,129426	1442,41795885	0,858974330149
39,5	60,3186030509	0,00732601	0,139194	1435,02525607	0,863399438276
40	59,9923207154	0,00610501	0,128205	1430,34427935	0,86622501861
40,5	59,4703224237	0,00732601	0,129426	1422,75908137	0,870843149921
41	59,2089758847	0,00732601	0,131868	1418,91703144	0,873201161556
41,5	58,9481637967	0,00732601	0,136752	1415,05340698	0,875585326947
42	58,4260051697	0,00488401	0,141636	1407,2302078	0,880452958676
42,5	58,0999900597	0,00732601	0,135531	1402,28640474	0,883557022167
43	57,5778314327	0,00732601	0,133089	1394,27369217	0,88863471136
43,5	57,3170193447	0,00854701	0,113553	1390,22802924	0,891220701887
44	57,1208758277	0,00732601	0,120879	1387,16650883	0,893187654196
44,5	56,5335141787	0,01221	0,130647	1377,90154523	0,89919341791
45	56,2727020907	0,00610501	0,133089	1373,74104708	0,90191670594
45,5	55,7505434637	0,00976801	0,108669	1365,3260708	0,9074755302
46	55,4897313757	0,00732601	0,123321	1361,08038015	0,910306267044
46,5	54,9675727487	0,00854701	0,108669	1352,49563441	0,916084287797
47	54,7067606607	0,00488401	0,124542	1348,16554409	0,919026602801
47,5	54,1846020337	0,00610501	0,123321	1339,41263202	0,925032339086
48	53,9232554947	0,00610501	0,133089	1334,98987778	0,928096924646
48,5	53,5972403847	0,00732601	0,130647	1329,43381582	0,931975691647
49	53,0750817577	0,00610501	0,1221	1320,4454078	0,938319746262
49,5	52,8142696697	0,00854701	0,114774	1315,91468767	0,941550399585
50	52,2921110427	0,00732601	0,118437	1306,76211725	0,948145024745
50,5	52,0307645037	0,00610501	0,118437	1302,14034552	0,951510337774
51	51,5091403277	0,00610501	0,128205	1292,83480102	0,958359102821
51,5	51,2477937887	0,00976801	0,114774	1288,13215305	0,961857831953
52	50,9869817007	0,00610501	0,115995	1283,41240322	0,965395064664
52,5	50,4648230737	0,00732601	0,123321	1273,88341385	0,972616478499
53	50,2040109857	0,00610501	0,124542	1269,08412511	0,976294617109
53,5	49,6818523587	0,00610501	0,126984	1259,39678876	0,983804318907
54	49,4205058197	0,00488401	0,133089	1254,50883483	0,987637524423
54,5	48,8336786217	0,00732601	0,126984	1243,43848109	0,996430477936
55	48,5723320827	0,00610501	0,129426	1238,46619156	1,00043102383
55,5	48,3115199947	0,00732601	0,1221	1233,47838177	1,00447646129
56	47,7893613677	0,00610501	0,129426	1223,41583806	1,01273823786
56,5	47,5285492797	0,00732601	0,13431	1218,35161211	1,01694780693
57	47,0063906527	0,00488401	0,131868	1208,137023	1,02554592435
57,5	46,6798410917	0,00610501	0,128205	1201,69793288	1,03104113446
58	46,2234199377	0,00854701	0,117216	1192,63259958	1,03887819303
58,5	45,8968703767	0,01221	0,120879	1186,10026931	1,04459971223
59	45,6360582887	0,00610501	0,112332	1180,8552734	1,04923950285
59,5	45,1138996617	0,00610501	0,118437	1170,28111253	1,05871998337
60	44,8525531227	0,00732601	0,120879	1164,95206721	1,06356307258
60,5	44,3309289467	0,00610501	0,126984	1154,24341662	1,07343042391
61	44,0695824077	0,00732601	0,139194	1148,84209013	1,07847719947
61,5	43,6783642757	0,00610501	0,131868	1140,71203269	1,08616369819
62	43,2866116927	0,00610501	0,126984	1132,51757747	1,09402275483
62,5	42,9605965827	0,00732601	0,129426	1125,65780092	1,10068974691
63	42,5036409777	0,00610501	0,131868	1115,98157767	1,1102333809
63,5	42,1770914167	0,00732601	0,1221	1109,023232	1,11719931941
64	41,6554672407	0,00610501	0,137973	1097,83346223	1,12858647749
64,5	41,3941207017	0,00610501	0,140415	1092,1928388	1,13441505564
65	40,8719620747	0,00732601	0,145299	1080,85518817	1,1463145235
65,5	40,6111499867	0,00854701	0,126984	1075,15848874	1,15238824134
66	40,3503378987	0,00610501	0,10989	1069,43951102	1,15855079903
66,5	39,7629762497	0,00732601	0,1221	1056,47912711	1,1727633497
67	39,5016297107	0,00732601	0,118437	1050,67663259	1,17924008355
67,5	38,9794710837	0,00488401	0,125763	1039,01816107	1,19247193786
68	38,7186589957	0,00610501	0,125763	1033,16251495	1,19923050059
68,5	38,3269064127	0,00732601	0,118437	1024,32685682	1,20957484591
69	37,9356882807	0,00610501	0,131868	1015,45546381	1,22014213735
69,5	37,6743417417	0,00488401	0,126984	1009,50267989	1,22733700928
70	37,1527175657	0,00610501	0,119658	997,55878579	1,24203206633
70,5	36,8913710267	0,00610501	0,118437	991,543448832	1,24956702751
71	36,3040093777	0,00610501	0,1221	977,949224419	1,26693694219
71,5	36,0431972897	0,00488401	0,133089	971,87980967	1,27484899642
72	35,7823852017	0,00732601	0,129426	965,790256658	1,28288724333
72,5	35,1950235527	0,00610501	0,120879	952,003195322	1,30146621995
73	34,9988800357	0,00732601	0,126984	947,376789782	1,30782178048
73,5	34,4772558597	0,00488401	0,135531	935,019446464	1,32510612981
74	34,2159093207	0,00732601	0,139194	928,79890827	1,33398089615
74,5	33,6285476717	0,00732601	0,128205	914,748275969	1,35447098677
75	33,3677355837	0,013431	0,118437	908,478324418	1,36381900008
75,5	32,8455769567	0,00732601	0,130647	895,869133809	1,38301449759
76	32,5847648687	0,00488401	0,117216	889,543062098	1,39284993925
76,5	32,3234183297	0,00610501	0,118437	883,185538354	1,40287623177
77	31,8012597027	0,00732601	0,1221	870,428591468	1,4234366979
77,5	31,4752445927	0,00488401	0,128205	862,426934198	1,4366434429
78	31,0182889877	0,00732601	0,135531	851,164558612	1,45565271423
78,5	30,6922738777	0,00732601	0,115995	843,096279786	1,46958304728
79	30,1701152507	0,00732601	0,123321	830,11704583	1,49256060483
79,5	29,9093031627	0,00732601	0,128205	823,608184973	1,50435610355
80	29,3871445357	0,00488401	0,13431	810,525975895	1,52863700467
80,5	29,0605949747	0,00610501	0,141636	802,310291318	1,54429029941
81	28,8649859087	0,00610501	0,139194	797,376449999	1,55384573999
81,5	28,2776242597	0,00610501	0,130647	782,50582484	1,58337479501
82	28,0820151937	0,00732601	0,129426	777,535129399	1,59349713364
82,5	27,4946535447	0,00610501	0,118437	762,555232667	1,62480033829
83	27,2333070057	0,00610501	0,1221	755,864073082	1,63918361002
83,5	26,7116828297	0,00732601	0,13431	742,462240385	1,66877173357
84	26,4503362907	0,00732601	0,130647	735,724383243	1,6840545566
84,5	25,9939151367	0,00732601	0,112332	723,920619683	1,71151361947
85	25,6673655757	0,017094	0,108669	715,447303707	1,73178372967
85,5	25,4065534877	0,00854701	0,118437	708,663038988	1,7483626658
86	24,8843948607	0,00610501	0,119658	695,036621032	1,78263988185
86,5	24,5578452997	0,00732601	0,118437	686,485469149	1,80484519437
87	24,0362211237	0,00732601	0,119658	672,77987456	1,84161275753
87,5	23,7748745847	0,00732601	0,130647	665,891995421	1,86066210214
88	23,2527159577	0,00732601	0,129426	652,088973105	1,90004746454
88,5	22,9919038697	0,00610501	0,125763	645,174172546	1,92041165428
89	22,4697452427	0,00610501	0,10989	631,290371497	1,96264675646
89,5	22,1437301327	0,00732601	0,130647	622,595216845	1,99005704907
90	21,9475866157	0,00610501	0,144078	617,354139729	2,00695179681
90,5	21,3602249667	0,00610501	0,139194	601,616442852	2,05945169006
91	21,0994128787	0,00732601	0,139194	594,607906878	2,08372607506
91,5	20,5772542517	0,00732601	0,145299	580,539593554	2,13422135847
92	20,3164421637	0,00854701	0,130647	573,494507266	2,16043917475
92,5	19,7290805147	0,00732601	0,131868	557,585334497	2,22208139875
93	19,5334714487	0,00610501	0,120879	552,274012881	2,2434515677
93,5	18,9461097997	0,00732601	0,112332	536,287101078	2,31032966765
94	18,6847632607	0,00610501	0,123321	529,155507958	2,3414666981
94,5	18,1631390847	0,00610501	0,119658	514,888721022	2,4063451954
95	17,9017925457	0,00610501	0,120879	507,724588719	2,44029938185
95,5	17,6409804577	0,00610501	0,133089	500,564575583	2,47520511925
96	17,6409804577	0,00854701	0,13431	500,564575583	2,47520511925
96,5	17,6409804577	0,00732601	0,125763	500,564575583	2,47520511925
97	17,6409804577	0,00488401	0,133089	500,564575583	2,47520511925
97,5	17,6409804577	0,00610501	0,124542	500,564575583	2,47520511925
98	17,6409804577	0,00610501	0,13431	500,564575583	2,47520511925
98,5	17,6409804577	0,00732601	0,128205	500,564575583	2,47520511925
