Vernier Format 2
Bandlücke-Ge.cmbl 26.09.2019 16:39:53 ,
Latest
Time	Potential	Pyro	Sample	Wellenlänge	Energie
t	Pot	Pot	Pot	Lambda	E
s	°	V	V	nm	eV

0	75,240546231	0,00854701	0,0744811	3196,40936746	0,387622440547
0,5	74,914531121	0,00610501	0,032967	3191,56602144	0,38821067516
1	74,392372494	0,00610501	0,0671551	3183,59350923	0,389182851519
1,5	74,131560406	0,00610501	0,0720391	3179,51227336	0,389682408331
2	73,609401779	0,00610501	0,0573871	3171,14353959	0,39071079077
2,5	73,34805524	0,00610501	0,0634921	3166,85594553	0,391239772604
3	72,826431064	0,00610501	0,0622711	3158,10138834	0,392324326436
3,5	72,499881503	0,00610501	0,0659341	3152,48754955	0,393022963779
4	72,042925898	0,00488401	0,034188	3144,4599851	0,394026321172
4,5	71,716910788	0,00610501	0,0549451	3138,61043576	0,394760683226
5	71,259955183	0,00610501	0,0683761	3130,24048734	0,395816233613
5,5	70,933940073	0,00854701	0,045177	3124,14721562	0,396588225358
6	70,672593534	0,00610501	0,041514	3119,18955695	0,397218565072
6,5	70,150434907	0,00610501	0,0525031	3109,09012065	0,398508872989
7	69,889622819	0,00732601	0,0805861	3103,94881745	0,399168953121
7,5	69,30226117	0,00610501	0,0525031	3092,13499414	0,400694019617
8	69,106652104	0,00610501	0,03663	3088,12844433	0,401213881591
8,5	68,519290455	0,00610501	0,040293	3075,88173039	0,402811326508
9	68,258478367	0,00610501	0,046398	3070,33998718	0,403538372028
9,5	67,73631974	0,00732601	0,0854701	3059,05407429	0,405027165231
10	67,474973201	0,00488401	0,034188	3053,30987842	0,405789143368
10,5	66,887611552	0,00610501	0,0525031	3040,16848046	0,407543202939
11	66,626799464	0,00610501	0,0659341	3034,23065943	0,408340742373
11,5	66,104640837	0,00610501	0,0573871	3022,15403596	0,409972484942
12	65,843828749	0,00610501	0,0500611	3016,02784473	0,410805225875
12,5	65,58248221	0,00610501	0,0610501	3009,82641277	0,411651647
13	65,060858034	0,00976801	0,0732601	2997,26181485	0,413377301196
13,5	64,799511495	0,00610501	0,0671551	2990,87316309	0,414260295385
14	64,212149846	0,00610501	0,0659341	2976,28814763	0,416290338349
14,5	63,951337758	0,00732601	0,0683761	2969,71144593	0,417212251951
15	63,494382153	0,00610501	0,0500611	2958,04047124	0,418858366559
15,5	63,168367043	0,00610501	0,0500611	2949,59876396	0,420057132902
16	62,907020504	0,00732601	0,0622711	2942,76258428	0,42103294592
16,5	62,384861877	0,00610501	0,0586081	2928,9209798	0,423022679187
17	62,124049789	0,00610501	0,043956	2921,91609198	0,42403681728
17,5	61,53668814	0,00610501	0,0525031	2905,91925557	0,42637110361
18	61,275876052	0,00610501	0,0695971	2898,71801097	0,427430331378
18,5	60,753717425	0,00610501	0,039072	2884,12041583	0,429593713633
19	60,492905337	0,00610501	0,0634921	2876,73930907	0,43069596056
19,5	59,97074671	0,00610501	0,0610501	2861,78299338	0,432946873633
20	59,709400171	0,00610501	0,04884	2854,20785109	0,43409592596
20,5	59,448588083	0,00610501	0,0525031	2846,58899731	0,435257777351
21	58,926429456	0,00732601	0,0549451	2831,15858276	0,437630024522
21,5	58,665617368	0,00610501	0,0573871	2823,36313544	0,438838342984
22	58,143458741	0,00488401	0,028083	2807,58062186	0,4413052257
22,5	57,81690918	0,00610501	0,0537241	2797,59189734	0,442880893807
23	57,295285004	0,00610501	0,0671551	2781,4477133	0,445451479844
23,5	57,033938465	0,00610501	0,037851	2773,27230849	0,446764638368
24	56,773126377	0,00610501	0,0512821	2765,0560985	0,448092174575
24,5	56,185764728	0,00610501	0,037851	2746,34324544	0,451145355577
25	55,990155662	0,00610501	0,0537241	2740,04714211	0,452182001163
25,5	55,402794013	0,00610501	0,041514	2720,95000008	0,455355666206
26	55,206650496	0,00610501	0,0525031	2714,50891345	0,456436150886
26,5	54,619823298	0,00732601	0,0683761	2695,04864258	0,459731961948
27	54,358476759	0,00610501	0,034188	2686,29079833	0,461230779917
27,5	54,097664671	0,00610501	0,0781441	2677,49514416	0,462745937262
28	53,575506044	0,00610501	0,046398	2659,71927106	0,465838636988
28,5	53,314693956	0,00610501	0,0537241	2650,75761487	0,467413539832
29	52,792535329	0,00610501	0,0512821	2632,65106591	0,47062826367
29,5	52,53118879	0,00610501	0,0720391	2623,50632454	0,472268729986
30	52,009564614	0,00610501	0,0525031	2605,09123762	0,4756071427
30,5	51,683015053	0,00610501	0,04884	2593,45294763	0,477741460909
31	51,29126247	0,00732601	0,0805861	2579,37968968	0,480348048393
31,5	50,900044338	0,00610501	0,028083	2565,20529295	0,483002277988
32	50,638697799	0,00610501	0,0695971	2555,66965782	0,484804441062
32,5	50,051870601	0,00610501	0,047619	2534,06491429	0,488937750969
33	49,855727084	0,00610501	0,0500611	2526,78427053	0,490346569927
33,5	49,268365435	0,00610501	0,043956	2504,8052481	0,494649235082
34	49,072756369	0,00610501	0,0598291	2497,42702975	0,496110591118
34,5	48,48539472	0,00732601	0,0659341	2475,09763075	0,500586314095
35	48,224582632	0,00610501	0,031746	2465,09895091	0,502616740615
35,5	47,963236093	0,00732601	0,0537241	2455,02854585	0,504678449502
36	47,441611917	0,00610501	0,047619	2434,77641675	0,508876294134
36,5	47,180265378	0,00610501	0,035409	2424,55361367	0,511021902346
37	46,658106751	0,00610501	0,0671551	2403,97804839	0,515395721201
37,5	46,332091641	0,00732601	0,0500611	2391,03012807	0,51818669512
38	46,136482575	0,00610501	0,0634921	2383,2241907	0,519883947484
38,5	45,549120926	0,00610501	0,035409	2359,61848522	0,525084884595
39	45,287774387	0,00610501	0,0720391	2349,03526455	0,527450574582
39,5	44,700412738	0,00610501	0,0659341	2325,07205522	0,532886710853
40	44,504803672	0,00610501	0,046398	2317,03722542	0,534734611256
40,5	43,917442023	0,00610501	0,035409	2292,74886399	0,540399351826
41	43,721832957	0,00732601	0,0622711	2284,6065011	0,542325341105
41,5	43,134471308	0,00732601	0,0512821	2259,9975232	0,548230689316
42	42,87365922	0,00488401	0,043956	2248,99385219	0,550913022191
42,5	42,612312681	0,00610501	0,0647131	2237,92088823	0,553638873706
43	42,090154054	0,00732601	0,0500611	2215,65838664	0,559201728692
43,5	41,764138944	0,00732601	0,0525031	2201,66513267	0,562755880363
44	41,307183339	0,00610501	0,0744811	2181,93176389	0,567845438848
44,5	40,981168229	0,00732601	0,0537241	2167,76808304	0,57155560583
45	40,785024712	0,00610501	0,042735	2159,21281068	0,573820233869
45,5	40,197663063	0,00610501	0,0695971	2133,44267181	0,580751485086
46	40,002053997	0,00732601	0,0683761	2124,81054101	0,58311081204
46,5	39,414692348	0,00610501	0,037851	2098,74213687	0,590353611447
47	39,15388026	0,00732601	0,0659341	2087,09584623	0,593647868274
47,5	38,631721633	0,00610501	0,032967	2063,64968133	0,600392601131
48	38,370909545	0,00610501	0,0647131	2051,87429111	0,603838161708
48,5	38,044359984	0,00610501	0,0622711	2037,07101066	0,608226219662
49	37,587404379	0,00976801	0,045177	2016,2451346	0,61450861244
49,5	37,326592291	0,00610501	0,0634921	2004,30097938	0,618170630433
50	36,739230642	0,00732601	0,0598291	1977,25045222	0,626627748959
50,5	36,478418554	0,00610501	0,041514	1965,17214691	0,630479117033
51	35,956259927	0,00610501	0,039072	1940,8686684	0,638373950888
51,5	35,695447839	0,00732601	0,0830281	1928,6688745	0,642411984963
52	35,4341013	0,00610501	0,034188	1916,40399444	0,646523386299
52,5	34,911942673	0,00732601	0,0537241	1891,78015689	0,654938680633
53	34,651130585	0,00610501	0,042735	1879,42187254	0,659245280745
53,5	34,128971958	0,00732601	0,0634921	1854,5632076	0,668081839931
54	33,933362892	0,00732601	0,0818071	1845,21097998	0,671467931551
54,5	33,606813331	0,00610501	0,029304	1829,55051515	0,677215518096
55	33,085189155	0,00610501	0,0720391	1804,41170661	0,686650388856
55,5	32,758639594	0,00854701	0,0659341	1788,59794289	0,692721360284
56	32,301683989	0,00610501	0,0561661	1766,37160841	0,701437904742
56,5	31,975668879	0,00610501	0,0610501	1750,44546748	0,707819822449
57	31,453510252	0,00610501	0,0769231	1724,8196743	0,718335961991
57,5	31,127495142	0,00610501	0,0561661	1708,74716906	0,725092642396
58	30,670539537	0,00610501	0,0549451	1686,12631569	0,734820391849
58,5	30,343989976	0,00610501	0,0964591	1669,8952142	0,741962722849
59	30,14838091	0,00610501	0,0573871	1660,14648046	0,746319685993
59,5	29,561019261	0,00732601	0,0866911	1630,75781585	0,759769469114
60	29,300207173	0,00610501	0,0610501	1617,65294365	0,765924486377
60,5	28,778048546	0,00610501	0,043956	1591,31588862	0,778600910644
61	28,517236458	0,00488401	0,0622711	1578,11120868	0,785115772062
61,5	27,995077831	0,00610501	0,0708181	1551,57679792	0,798542490233
62	27,733731292	0,00732601	0,0695971	1538,24748503	0,805462067748
62,5	27,472919204	0,00610501	0,034188	1524,91352367	0,812505090137
63	26,950760577	0,00610501	0,0549451	1498,12360039	0,827034564891
63,5	26,624745467	0,00610501	0,0586081	1481,33379994	0,836408377402
64	26,10258684	0,00610501	0,0537241	1454,34290006	0,851931136698
64,5	25,841240301	0,00610501	0,0549451	1440,78813913	0,85994600202
65	25,580428213	0,00610501	0,0634921	1427,23121228	0,868114422766
65,5	25,058269586	0,00610501	0,0573871	1400,0009883	0,884999375255
66	24,797457498	0,00610501	0,0512821	1386,35612676	0,893709759045
66,5	24,275298871	0,00610501	0,0573871	1358,95240028	0,91173171315
67	24,014486783	0,00610501	0,0708181	1345,22215212	0,921037464371
67,5	23,427125134	0,00610501	0,042735	1314,19932131	0,942779363763
68	23,230981617	0,00610501	0,0647131	1303,80863642	0,950292830861
68,5	22,709357441	0,00610501	0,0659341	1276,10162186	0,970925809333
69	22,448010902	0,00610501	0,0561661	1262,17981103	0,981635096024
69,5	22,121995792	0,00610501	0,0610501	1244,77635656	0,995359522596
70	21,599837165	0,00610501	0,041514	1216,81856931	1,01822903697
70,5	21,339025077	0,00610501	0,035409	1202,81599219	1,03008274586
71	21,077678538	0,00610501	0,040293	1188,75972133	1,04226276999
71,5	20,555519911	0,00610501	0,0781441	1160,60214299	1,06754929541
72	20,294707823	0,00610501	0,043956	1146,50152001	1,0806788987
72,5	19,707346174	0,00610501	0,0683761	1114,65967698	1,11155003234
73	19,511737108	0,00610501	0,035409	1104,02922018	1,12225290541
73,5	18,924375459	0,00610501	0,0610501	1072,03197122	1,15574911315
74	18,728231942	0,00610501	0,0561661	1061,32155249	1,16741245582
74,5	18,402216832	0,00610501	0,0622711	1043,4920378	1,18735932342
75	17,880058205	0,00488401	0,034188	1014,86543898	1,22085150643
75,5	17,619246117	0,00610501	0,0805861	1000,53507618	1,23833739516
76	17,09708749	0,00488401	0,029304	971,782981229	1,27497602236
76,5	16,77107238	0,00610501	0,0598291	953,790235738	1,29902776688
77	16,574928863	0,00610501	0,0610501	942,950176543	1,31396125779
77,5	15,987567214	0,00610501	0,0500611	910,423484883	1,36090513983
78	15,726755126	0,00610501	0,0610501	895,949453612	1,38289051353
78,5	15,465943038	0,00488401	0,045177	881,456857428	1,40562750129
79	15,008987433	0,01221	0,0647131	856,021264392	1,44739395099
79,5	14,682437872	0,00610501	0,0525031	837,811031602	1,47885376686
80	14,160813696	0,00610501	0,0634921	808,666133919	1,5321526994
80,5	13,899467157	0,00610501	0,0549451	794,038469144	1,56037780051
81	13,638655069	0,00732601	0,0769231	779,424247506	1,58963491829
81,5	13,05129342	0,00488401	0,028083	746,453624035	1,65984859622
82	12,855684354	0,00732601	0,0659341	735,455832786	1,68466948628
82,5	12,529134793	0,00610501	0,037851	717,077095909	1,72784768482
83	12,072179188	0,00610501	0,040293	691,31992717	1,7922237611
83,5	11,746164078	0,00732601	0,0549451	672,916494596	1,84123886091
84	11,289208473	0,00610501	0,043956	647,084984389	1,91474076805
84,5	10,963193363	0,00610501	0,0671551	628,630232376	1,97095197811
85	10,441034736	0,00610501	0,040293	599,030221434	2,06834305794
85,5	10,179688197	0,00732601	0,0781441	584,196231433	2,1208627056
86	9,658064021	0,00610501	0,0634921	554,552888637	2,23423234355
86,5	9,33151446	0,00610501	0,0708181	535,97187738	2,31168845287
87	9,070702372	0,00610501	0,045177	521,118862483	2,37757657456
87,5	8,548543745	0,00610501	0,0634921	491,350255779	2,52162278421
88	8,287197206	0,00610501	0,047619	476,435239035	2,60056330533
88,5	7,76557303	0,00610501	0,0561661	446,63687908	2,77406559564
89	7,504226491	0,00610501	0,021978	431,693093428	2,87009456223
89,5	6,982067864	0,00610501	0,0671551	401,809492503	3,08355084466
90	6,721255776	0,00610501	0,0561661	386,870333144	3,20262344732
90,5	6,133894127	0,00610501	0,032967	353,197730064	3,50795006462
91	5,938285061	0,00610501	0,041514	341,975328418	3,62306838254
91,5	5,350923412	0,00610501	0,047619	308,254032608	4,01941213719
92	5,155314346	0,00610501	0,039072	297,016462975	4,17148594252
92,5	4,567952697	0,010989	0,0683761	263,252771573	4,70650315511
93	4,306606158	0,00610501	0,0659341	248,220514049	4,99152942595
93,5	3,719244509	0,00610501	0,035409	214,417989112	5,77843307427
94	3,523635443	0,00610501	0,0573871	203,155556245	6,09877486443
94,5	3,197620333	0,00976801	0,0854701	184,379637668	6,71983097305
95	2,740664728	0,00610501	0,0586081	158,052661028	7,83915937853
95,5	2,47985264	0,00610501	0,040293	143,021655789	8,66302374393
96	1,892490991	0,00610501	0,0695971	109,160716696	11,3502369488
96,5	1,631144452	0,00732601	0,152625	94,0903939366	13,1681880388
97	1,108985825	0,0976801	0,30525	63,9750165773	19,3669351926
97,5	0,848173737	0,206349	0,344322	48,9305939948	25,321581016
98	0,32601511	0,126984	0,169719	18,8081861635	65,8755708408
98,5	0	0,010989	0,0537241	0	 
99	-0,456955605	0,00976801	0,0769231	-26,3621565044	-46,9991899104
99,5	-0,782970715	0,00610501	0,0634921	-45,1693177516	-27,4301242896
100	-1,23992632	0,00610501	0,0842491	-71,5275762844	-17,3219905435
100,5	-1,566475881	0,00610501	0,041514	-90,3610222919	-13,7116642616
101	-2,022897035	0,00732601	0,0561661	-116,679638954	-10,6188192825
101,5	-2,349446596	0,00610501	0,0793651	-135,505022373	-9,14357252818
102	-2,806402201	0,00610501	0,0512821	-161,84070907	-7,65567580071
102,5	-3,132417311	0,00610501	0,0573871	-180,623718149	-6,85956425155
103	-3,393229399	0,00610501	0,046398	-195,645944071	-6,33286831415
103,5	-3,980591048	0,00610501	0,0708181	-229,461414892	-5,39960062821
104	-4,176734565	0,00610501	0,0695971	-240,748556139	-5,1464483105
104,5	-4,764096214	0,00610501	0,040293	-274,531069072	-4,51315038472
105	-4,95970528	0,00610501	0,040293	-285,775431457	-4,33557214378
105,5	-5,547066929	0,00610501	0,0610501	-319,518698258	-3,8777073353
106	-5,807879017	0,00610501	0,0720391	-334,491504852	-3,70412994658
106,5	-6,330037644	0,00610501	0,0598291	-364,446660294	-3,39967445168
107	-6,52564671	0,00976801	0,0781441	-375,660685982	-3,29818915376
107,5	-7,113008359	0,00610501	0,0500611	-409,3065653	-3,0270709171
108	-7,374354898	0,00610501	0,047619	-424,263680376	-2,92035367935
108,5	-7,635166986	0,00732601	0,0671551	-439,181408367	-2,82115767288
109	-8,157325613	0,00732601	0,0818071	-469,019775989	-2,64167965495
109,5	-8,418137701	0,00610501	0,019536	-483,909256429	-2,56039739587
110	-8,940296328	0,00610501	0,0793651	-513,688286514	-2,4119685664
110,5	-9,201108416	0,00610501	0,032967	-528,546738932	-2,34416355024
111	-9,723267043	0,00732601	0,04884	-558,260870522	-2,21939251956
111,5	-10,049816604	0,00610501	0,04884	-576,820199404	-2,14798303055
112	-10,506237758	0,00610501	0,042735	-602,729204496	-2,05564952014
112,5	-10,832787319	0,00732601	0,0708181	-621,242599304	-1,99438995553
113	-11,354945946	0,00610501	0,046398	-650,803669629	-1,90379995968
113,5	-11,680961056	0,00732601	0,0525031	-669,233174605	-1,85137265607
114	-12,137916661	0,00610501	0,041514	-695,028090832	-1,7826617605
114,5	-12,398728749	0,00610501	0,03663	-709,731091437	-1,7457316087
115	-12,920887376	0,00610501	0,0732601	-739,122721994	-1,67631160987
115,5	-13,247436937	0,00610501	0,0671551	-757,47272777	-1,63570245446
116	-13,703858091	0,01221	0,0818071	-783,07932885	-1,5822151784
116,5	-14,030407652	0,00610501	0,0512821	-801,369342368	-1,5461035686
117	-14,421625784	0,00610501	0,043956	-823,247111987	-1,5050159083
117,5	-14,813378367	0,00610501	0,0683761	-845,116308682	-1,46607039442
118	-15,074190455	0,00610501	0,0647131	-859,654038704	-1,44127747235
118,5	-15,596349082	0,00610501	0,042735	-888,705457374	-1,39416270005
119	-15,857695621	0,00610501	0,0512821	-903,218468502	-1,3717611444
119,5	-16,444522819	0,00610501	0,0525031	-935,737037958	-1,32408994166
120	-16,640666336	0,00732601	0,0720391	-946,584458394	-1,30891648285
120,5	-17,228027985	0,00610501	0,0537241	-979,000752335	-1,26557614695
121	-17,423637051	0,00732601	0,0537241	-989,773682428	-1,25180131781
121,5	-18,0109987	0,00610501	0,0525031	-1022,05207545	-1,21226699672
122	-18,271810788	0,00732601	0,0659341	-1036,35073989	-1,19554119306
122,5	-18,793969415	0,00610501	0,0683761	-1064,91253983	-1,16347582891
123	-19,054781503	0,00610501	0,0525031	-1079,14584922	-1,14813025589
123,5	-19,57694013	0,00732601	0,04884	-1107,57414169	-1,11866100279
124	-19,838286669	0,00610501	0,0537241	-1121,76844156	-1,1045060229
124,5	-20,164301779	0,00854701	0,0744811	-1139,44228152	-1,08737407773
125	-20,621257384	0,00610501	0,0525031	-1164,1524103	-1,06429363461
125,5	-20,947272494	0,00732601	0,043956	-1181,73669038	-1,04845691099
126	-21,469431121	0,00610501	0,0500611	-1209,82041433	-1,02411893974
126,5	-21,73077766	0,00610501	0,0732601	-1223,83906299	-1,01238801528
127	-22,252401836	0,00732601	0,0525031	-1251,7426061	-0,989820106756
127,5	-22,578951397	0,00610501	0,045177	-1269,15825215	-0,976237595196
128	-23,035907002	0,00610501	0,046398	-1293,45942122	-0,957896304802
128,5	-23,361922112	0,00610501	0,0573871	-1310,74690012	-0,945262582645
129	-23,818877717	0,00610501	0,0695971	-1334,90615792	-0,92815513109
129,5	-24,144892827	0,00610501	0,0561661	-1352,09077828	-0,91635859064
130	-24,667051454	0,00610501	0,0769231	-1379,52290583	-0,898136591112
130,5	-24,927863542	0,00610501	0,0598291	-1393,18216604	-0,889330936185
131	-25,450022169	0,00610501	0,0757021	-1420,44164118	-0,872263924175
131,5	-25,77657173	0,00610501	0,040293	-1437,42946062	-0,86195534038
132	-25,972180796	0,00610501	0,0549451	-1447,58314403	-0,855909386008
132,5	-26,559542445	0,00610501	0,0647131	-1477,97006719	-0,838311970928
133	-26,755151511	0,00610501	0,041514	-1488,05550583	-0,832630231294
133,5	-27,34251316	0,00610501	0,047619	-1518,23467658	-0,81607937107
134	-27,603859699	0,00488401	0,0683761	-1531,61179499	-0,808951722659
134,5	-28,190686897	0,00610501	0,0842491	-1561,53223082	-0,793451441823
135	-28,386830414	0,00610501	0,043956	-1571,4965891	-0,788420419487
135,5	-28,908989041	0,00610501	0,043956	-1597,93287173	-0,775376752001
136	-29,169801129	0,00610501	0,0830281	-1611,08792082	-0,769045552382
136,5	-29,691959756	0,00610501	0,0512821	-1637,32438228	-0,756722377927
137	-29,952771844	0,00610501	0,0525031	-1650,37839683	-0,750736923352
137,5	-30,540133493	0,00610501	0,0659341	-1679,65104035	-0,737653220958
138	-30,735742559	0,00854701	0,0781441	-1689,36068	-0,733413541981
138,5	-31,06229212	0,00610501	0,0598291	-1705,52601255	-0,726462094909
139	-31,584450747	0,00610501	0,039072	-1731,25933527	-0,715664011023
139,5	-31,910465857	0,00610501	0,0659341	-1747,25342198	-0,709112933712
140	-32,367421462	0,00610501	0,0671551	-1769,57603326	-0,700167710636
140,5	-32,693436572	0,00610501	0,046398	-1785,43339155	-0,69394915871
141	-33,215595199	0,00610501	0,047619	-1810,71051119	-0,684261781408
141,5	-33,476941738	0,00488401	0,0525031	-1823,30566636	-0,679534991231
142	-33,998565914	0,00610501	0,0757021	-1848,33078423	-0,670334558387
142,5	-34,259912453	0,00610501	0,032967	-1860,81150742	-0,665838530696
143	-34,78207108	0,00610501	0,03663	-1885,63122295	-0,657074397644
143,5	-35,10808619	0,00610501	0,0805861	-1901,04838328	-0,651745642509
144	-35,499838773	0,00610501	0,039072	-1919,49278895	-0,645483018813
144,5	-35,956259927	0,00610501	0,041514	-1940,8686684	-0,638373950888
145	-36,152403444	0,00610501	0,0537241	-1950,01703188	-0,635379065794
145,5	-36,739765093	0,00732601	0,0744811	-1977,27516086	-0,626619918423
146	-36,935374159	0,00610501	0,040293	-1986,30695351	-0,623770660326
146,5	-37,522735808	0,00610501	0,0537241	-2013,28745718	-0,615411373861
147	-37,718344874	0,00610501	0,0622711	-2022,22595076	-0,612691178024
147,5	-38,305706523	0,00610501	0,0598291	-2048,92379076	-0,604707703424
148	-38,501315589	0,00610501	0,043956	-2057,76731609	-0,60210889264
148,5	-39,088677238	0,00610501	0,0720391	-2084,17750685	-0,594479115109
149	-39,350023777	0,00732601	0,0695971	-2095,85847484	-0,591165870632
149,5	-39,741241909	0,00732601	0,0573871	-2113,26252612	-0,586297246407
150	-40,132994492	0,00610501	0,0500611	-2130,59162652	-0,581528616078
150,5	-40,459009602	0,00610501	0,0732601	-2144,93694131	-0,577639359059
151	-40,915965207	0,00610501	0,041514	-2164,92691	-0,572305695068
151,5	-41,242514768	0,00610501	0,0512821	-2179,12784895	-0,568576093687
152	-41,764138944	0,00610501	0,0598291	-2201,66513267	-0,562755880363
152,5	-42,025485483	0,00610501	0,0525031	-2212,88836468	-0,559901719298
153	-42,54764411	0,00488401	0,0561661	-2235,17375721	-0,554319321262
153,5	-42,808456198	0,00610501	0,0659341	-2246,23564406	-0,551589501874
154	-43,330614825	0,00610501	0,0647131	-2268,24198559	-0,54623801511
154,5	-43,656629935	0,00488401	0,0500611	-2281,88645804	-0,542971801088
155	-44,11358554	0,00610501	0,0598291	-2300,88664085	-0,538488067167
155,5	-44,178788562	0,00610501	0,0500611	-2303,58587478	-0,537857092095
156	-44,11358554	0,00610501	0,04884	-2300,88664085	-0,538488067167
156,5	-44,178788562	0,00610501	0,0671551	-2303,58587478	-0,537857092095
157	-44,11358554	0,00732601	0,0610501	-2300,88664085	-0,538488067167
157,5	-44,178788562	0,00610501	0,042735	-2303,58587478	-0,537857092095
158	-44,11358554	0,00610501	0,0598291	-2300,88664085	-0,538488067167
158,5	-44,178788562	0,00854701	0,0757021	-2303,58587478	-0,537857092095
159	-44,11358554	0,00488401	0,039072	-2300,88664085	-0,538488067167
159,5	-44,178788562	0,00610501	0,0573871	-2303,58587478	-0,537857092095
160	-44,178788562	0,00610501	0,0634921	-2303,58587478	-0,537857092095
160,5	-44,178788562	0,00610501	0,045177	-2303,58587478	-0,537857092095
161	-44,11358554	0,00610501	0,041514	-2300,88664085	-0,538488067167
161,5	-44,178788562	0,00732601	0,0634921	-2303,58587478	-0,537857092095
162	-44,11358554	0,00610501	0,0573871	-2300,88664085	-0,538488067167
162,5	-44,178788562	0,00488401	0,037851	-2303,58587478	-0,537857092095
163	-44,11358554	0,00610501	0,0671551	-2300,88664085	-0,538488067167
163,5	-44,178788562	0,00610501	0,0598291	-2303,58587478	-0,537857092095
164	-44,11358554	0,00610501	0,035409	-2300,88664085	-0,538488067167
164,5	-44,178788562	0,00610501	0,0549451	-2303,58587478	-0,537857092095
165	-44,178788562	0,00610501	0,0671551	-2303,58587478	-0,537857092095
165,5	-44,178788562	0,00610501	0,045177	-2303,58587478	-0,537857092095
166	-44,11358554	0,00488401	0,0634921	-2300,88664085	-0,538488067167
166,5	-44,178788562	0,010989	0,0647131	-2303,58587478	-0,537857092095
167	-44,11358554	0,00488401	0,04884	-2300,88664085	-0,538488067167
167,5	-44,178788562	0,00732601	0,0500611	-2303,58587478	-0,537857092095
168	-44,11358554	0,00488401	0,037851	-2300,88664085	-0,538488067167
168,5	-44,178788562	0,00610501	0,0586081	-2303,58587478	-0,537857092095
169	-44,11358554	0,00732601	0,0757021	-2300,88664085	-0,538488067167
169,5	-44,178788562	0,00610501	0,03663	-2303,58587478	-0,537857092095
170	-44,11358554	0,00610501	0,0610501	-2300,88664085	-0,538488067167
170,5	-44,178788562	0,00610501	0,0512821	-2303,58587478	-0,537857092095
171	-44,11358554	0,00610501	0,0598291	-2300,88664085	-0,538488067167
171,5	-44,178788562	0,00488401	0,0586081	-2303,58587478	-0,537857092095
172	-44,178788562	0,00610501	0,0683761	-2303,58587478	-0,537857092095
172,5	-44,178788562	0,00610501	0,045177	-2303,58587478	-0,537857092095
173	-44,11358554	0,00610501	0,042735	-2300,88664085	-0,538488067167
173,5	-44,178788562	0,00610501	0,0647131	-2303,58587478	-0,537857092095
174	-44,11358554	0,00610501	0,0525031	-2300,88664085	-0,538488067167
174,5	-44,178788562	0,00610501	0,0671551	-2303,58587478	-0,537857092095
175	-44,11358554	0,00488401	0,026862	-2300,88664085	-0,538488067167
175,5	-44,178788562	0,00732601	0,0647131	-2303,58587478	-0,537857092095
176	-44,11358554	0,00610501	0,0732601	-2300,88664085	-0,538488067167
176,5	-44,178788562	0,00610501	0,031746	-2303,58587478	-0,537857092095
177	-44,11358554	0,00610501	0,0537241	-2300,88664085	-0,538488067167
177,5	-44,178788562	0,00610501	0,031746	-2303,58587478	-0,537857092095
178	-44,178788562	0,00610501	0,0708181	-2303,58587478	-0,537857092095
178,5	-44,178788562	0,00610501	0,0500611	-2303,58587478	-0,537857092095
179	-44,11358554	0,00610501	0,042735	-2300,88664085	-0,538488067167
179,5	-44,11358554	0,00610501	0,0500611	-2300,88664085	-0,538488067167
180	-44,11358554	0,00488401	0,0500611	-2300,88664085	-0,538488067167
180,5	-44,178788562	0,00610501	0,0659341	-2303,58587478	-0,537857092095
181	-44,11358554	0,00610501	0,0500611	-2300,88664085	-0,538488067167
181,5	-44,178788562	0,00610501	0,039072	-2303,58587478	-0,537857092095
182	-44,11358554	0,00610501	0,0549451	-2300,88664085	-0,538488067167
182,5	-44,178788562	0,00732601	0,0622711	-2303,58587478	-0,537857092095
183	-44,11358554	0,00610501	0,032967	-2300,88664085	-0,538488067167
183,5	-44,178788562	0,00732601	0,0708181	-2303,58587478	-0,537857092095
184	-44,11358554	0,00610501	0,04884	-2300,88664085	-0,538488067167
184,5	-44,11358554	0,00610501	0,045177	-2300,88664085	-0,538488067167
185	-44,11358554	0,00610501	0,0683761	-2300,88664085	-0,538488067167
185,5	-44,178788562	0,00610501	0,047619	-2303,58587478	-0,537857092095
186	-44,11358554	0,00732601	0,0695971	-2300,88664085	-0,538488067167
186,5	-44,178788562	0,00610501	0,0586081	-2303,58587478	-0,537857092095
187	-44,11358554	0,00610501	0,042735	-2300,88664085	-0,538488067167
187,5	-44,178788562	0,00610501	0,0586081	-2303,58587478	-0,537857092095
188	-44,11358554	0,00610501	0,0500611	-2300,88664085	-0,538488067167
188,5	-44,178788562	0,00610501	0,040293	-2303,58587478	-0,537857092095
189	-44,11358554	0,00610501	0,040293	-2300,88664085	-0,538488067167
189,5	-44,178788562	0,00610501	0,0842491	-2303,58587478	-0,537857092095
190	-44,11358554	0,00610501	0,039072	-2300,88664085	-0,538488067167
190,5	-44,11358554	0,00610501	0,0622711	-2300,88664085	-0,538488067167
191	-44,11358554	0,00610501	0,0512821	-2300,88664085	-0,538488067167
191,5	-44,178788562	0,00610501	0,0610501	-2303,58587478	-0,537857092095
192	-44,11358554	0,00610501	0,045177	-2300,88664085	-0,538488067167
192,5	-44,178788562	0,00610501	0,043956	-2303,58587478	-0,537857092095
193	-44,11358554	0,00610501	0,0610501	-2300,88664085	-0,538488067167
193,5	-44,178788562	0,00610501	0,0683761	-2303,58587478	-0,537857092095
194	-44,11358554	0,00610501	0,0634921	-2300,88664085	-0,538488067167
194,5	-44,178788562	0,00610501	0,0549451	-2303,58587478	-0,537857092095
195	-44,11358554	0,00732601	0,0708181	-2300,88664085	-0,538488067167
195,5	-44,11358554	0,00610501	0,03663	-2300,88664085	-0,538488067167
196	-44,11358554	0,00732601	0,0757021	-2300,88664085	-0,538488067167
196,5	-44,11358554	0,00610501	0,0634921	-2300,88664085	-0,538488067167
197	-44,11358554	0,00610501	0,025641	-2300,88664085	-0,538488067167
197,5	-44,178788562	0,00610501	0,0744811	-2303,58587478	-0,537857092095
198	-44,178788562	0,00610501	0,0561661	-2303,58587478	-0,537857092095
198,5	-44,178788562	0,00732601	0,043956	-2303,58587478	-0,537857092095
199	-44,11358554	0,00732601	0,0610501	-2300,88664085	-0,538488067167
199,5	-44,178788562	0,00732601	0,0512821	-2303,58587478	-0,537857092095
200	-44,178788562	0,00610501	0,039072	-2303,58587478	-0,537857092095
200,5	-44,178788562	0,00610501	0,0659341	-2303,58587478	-0,537857092095
201	-44,11358554	0,00610501	0,0659341	-2300,88664085	-0,538488067167
201,5	-44,178788562	0,00610501	0,025641	-2303,58587478	-0,537857092095
202	-44,11358554	0,00610501	0,0695971	-2300,88664085	-0,538488067167
202,5	-44,178788562	0,00610501	0,0610501	-2303,58587478	-0,537857092095
203	-44,178788562	0,00732601	0,0720391	-2303,58587478	-0,537857092095
203,5	-44,178788562	0,00610501	0,041514	-2303,58587478	-0,537857092095
204	-44,178788562	0,00610501	0,0720391	-2303,58587478	-0,537857092095
