Vernier Format 2
Bandlücke-Ge1.cmbl 26.09.2019 16:04:25 ,
Latest
Time	Potential	Pyro	Sample	Wellenlänge	Energie
t	Pot	Pot	Pot	Lambda	E
s	°	V	V	nm	eV

0	82,0927959471	0,00610501	0,0561661	3274,04926572	0,378430469258
0,5	82,0927959471	0,00610501	0,03663	3274,04926572	0,378430469258
1	82,0927959471	0,00732601	0,0598291	3274,04926572	0,378430469258
1,5	82,0927959471	0,00610501	0,0598291	3274,04926572	0,378430469258
2	82,0927959471	0,00610501	0,0573871	3274,04926572	0,378430469258
2,5	82,0927959471	0,00610501	0,0549451	3274,04926572	0,378430469258
3	82,0927959471	0,00610501	0,0512821	3274,04926572	0,378430469258
3,5	82,0927959471	0,00610501	0,045177	3274,04926572	0,378430469258
4	82,0927959471	0,00610501	0,0525031	3274,04926572	0,378430469258
4,5	81,8317700787	0,00610501	0,0549451	3271,94364873	0,378674003289
5	81,5707442103	0,00732601	0,042735	3269,77012281	0,378925720605
5,5	80,9834360064	0,00610501	0,040293	3264,6316334	0,379522144956
6	80,722410138	0,00732601	0,0659341	3262,2377223	0,379800647736
6,5	80,2003584012	0,00610501	0,0525031	3257,24682873	0,380382594611
7	79,9393325328	0,00610501	0,0610501	3254,64994985	0,380686101145
7,5	79,417280796	0,00732601	0,0769231	3249,25359738	0,381318343696
8	79,1562549276	0,00610501	0,0634921	3246,45423579	0,381647147938
8,5	78,6342031908	0,00732601	0,0610501	3240,6534324	0,382330300306
9	78,112151454	0,00610501	0,0634921	3234,58359239	0,383047760124
9,5	77,8511255856	0,00610501	0,043956	3231,44794026	0,383419452489
10	77,3290738488	0,00610501	0,0586081	3224,97549711	0,3841889655
10,5	77,0680479804	0,00610501	0,046398	3221,63884044	0,384586870647
11	76,4807397765	0,00610501	0,0695971	3213,88699604	0,385514488072
11,5	76,2197139081	0,00732601	0,0720391	3210,33328897	0,385941236773
12	75,6976621713	0,00610501	0,0500611	3203,02605932	0,386821704555
12,5	75,4366363029	0,00610501	0,0769231	3199,27268841	0,387275521868
13	74,9145845661	0,00610501	0,0720391	3191,56682391	0,388210577551
13,5	74,6535586977	0,00610501	0,0647131	3187,61449025	0,388691921118
14	74,0662504938	0,00610501	0,0744811	3178,47997402	0,389808968478
14,5	73,8704810925	0,00610501	0,0598291	3175,36087215	0,390191871061
15	73,2831728886	0,00610501	0,0683761	3165,78128697	0,391372583159
15,5	73,0221470202	0,013431	0,0757021	3161,41686171	0,391912884064
16	72,5653517505	0,00610501	0,0683761	3153,62128676	0,392881670733
16,5	72,239069415	0,00610501	0,0793651	3147,93026531	0,39359194632
17	71,7170176782	0,00610501	0,0598291	3138,61237031	0,394760439907
17,5	71,4559918098	0,00610501	0,0769231	3133,85566165	0,395359625257
18	70,933940073	0,00610501	0,041514	3124,14721562	0,396588225358
18,5	70,6729142046	0,021978	0,0549451	3119,19567975	0,397217785355
19	70,1508624678	0,00610501	0,0573871	3109,09849615	0,398507799458
19,5	69,8245801323	0,00732601	0,0573871	3102,65662825	0,399335198332
20	69,3677848626	0,00610501	0,0659341	3093,46902288	0,400521224178
20,5	69,0415025271	0,00610501	0,047619	3086,78602967	0,401388365793
21	68,5194507903	0,00610501	0,0598291	3075,88511761	0,402810882925
21,5	68,2584249219	0,00610501	0,045177	3070,33884506	0,403538522139
22	67,7363731851	0,00610501	0,046398	3059,05524247	0,405027010562
22,5	67,4753473167	0,00610501	0,0500611	3053,31814662	0,405788044515
23	66,9532955799	0,00610501	0,0537241	3041,65396119	0,407344167288
23,5	66,6922697115	0,00610501	0,0647131	3035,72711369	0,408139451801
24	66,1702179747	0,00732601	0,0634921	3023,68452419	0,409764970548
24,5	65,8439356392	0,00854701	0,043956	3016,03036828	0,41080488215
25	65,3218839024	0,00732601	0,0659341	3003,58038168	0,412507688343
25,5	65,060858034	0,00610501	0,0561661	2997,26181485	0,413377301196
26	64,5388062972	0,00610501	0,0647131	2984,43818982	0,41515351339
26,5	64,2777804288	0,00610501	0,045177	2977,93339778	0,416060346052
27	63,755728692	0,00610501	0,0549451	2964,73852967	0,417912064623
27,5	63,4947028236	0,00610501	0,043956	2958,04872746	0,418857197483
28	62,9726510868	0,00610501	0,042735	2944,48508096	0,42078664552
28,5	62,6463687513	0,00610501	0,0537241	2935,88359533	0,422019456755
29	62,1895734816	0,00488401	0,0598291	2923,68162686	0,423780752534
29,5	61,8632911461	0,00610501	0,046398	2914,85211334	0,425064446436
30	61,3412394093	0,00610501	0,0525031	2900,52839521	0,427163547871
30,5	61,0802135409	0,00610501	0,040293	2893,27616115	0,428234268348
31	60,5581618041	0,00732601	0,0561661	2878,59169565	0,43041880579
31,5	60,0361100673	0,00610501	0,0683761	2863,66825162	0,432661848766
32	59,7750841989	0,00610501	0,0781441	2856,11729905	0,433805712535
32,5	59,187775995	0,00610501	0,0610501	2838,91115954	0,436434932399
33	58,9267501266	0,00610501	0,040293	2831,16813125	0,437628548557
33,5	58,6004677911	0,00610501	0,042735	2821,40673265	0,439142639614
34	58,1436725214	0,00732601	0,037851	2807,58713129	0,441304202528
34,5	57,6868772517	0,010989	0,0512821	2793,58907486	0,443515480193
35	57,3605949162	0,00610501	0,0634921	2783,48169734	0,445125973411
35,5	56,8385431794	0,00610501	0,0610501	2767,12227538	0,447757589546
36	56,512314289	0,00610501	0,0561661	2756,78259396	0,449436964204
36,5	55,990155662	0,00610501	0,047619	2740,04714211	0,452182001163
37	55,729343574	0,00610501	0,0500611	2731,60267106	0,453579875699
37,5	55,207184947	0,00610501	0,046398	2714,52650735	0,456433192546
38	54,945838408	0,00854701	0,0512821	2705,89493776	0,457889174746
38,5	54,68502632	0,00610501	0,0598291	2697,22489338	0,459361028085
39	54,162867693	0,00732601	0,0671551	2679,69926611	0,462365316761
39,5	53,902055605	0,00732601	0,0695971	2670,86198463	0,463895179582
40	53,379896978	0,00610501	0,045177	2653,00318552	0,467017908898
40,5	53,11908489	0,00610501	0,0561661	2644,00031721	0,468608113219
41	52,596926263	0,00610501	0,0512821	2625,81168121	0,471854097102
41,5	52,270376702	0,00610501	0,041514	2614,32586672	0,473927147251
42	51,748752526	0,00610501	0,0573871	2595,80262859	0,477309016623
42,5	51,487405987	0,00610501	0,034188	2586,44103275	0,479036631539
43	50,96524736	0,00610501	0,0512821	2567,57601553	0,482556307002
43,5	50,704435272	0,017094	0,0659341	2558,07320493	0,484348922311
44	50,182276645	0,00732601	0,0622711	2538,88902081	0,488008727378
44,5	49,856261535	0,013431	0,0647131	2526,80414907	0,490342712337
45	49,39930593	0,00732601	0,045177	2509,72791215	0,493679013571
45,5	49,072756369	0,00732601	0,0512821	2497,42702975	0,496110591118
46	48,551132193	0,00732601	0,03663	2477,60970551	0,500078764321
46,5	48,289785654	0,031746	0,04884	2467,60341765	0,502106615324
47	47,767627027	0,039072	0,0525031	2447,45775306	0,506239586137
47,5	47,506814939	0,02442	0,04884	2437,31900354	0,508345439477
48	46,984656312	0,032967	0,0683761	2416,86917084	0,512646698029
48,5	46,723844224	0,020757	0,0634921	2406,57944273	0,514838603704
49	46,332091641	0,01221	0,0586081	2391,03012807	0,51818669512
49,5	45,940873509	0,023199	0,0512821	2375,39047556	0,521598454126
50	45,614323948	0,025641	0,047619	2362,25123617	0,524499672612
50,5	45,092165321	0,031746	0,04884	2341,082089	0,529242441271
51	44,700947189	0,043956	0,045177	2325,09397122	0,532881687938
51,5	44,309194606	0,035409	0,0586081	2308,97538931	0,536601648393
52	43,787035979	0,040293	0,0525031	2287,32358546	0,541681119312
52,5	43,526223891	0,043956	0,041514	2276,4375099	0,544271474448
53	43,004065264	0,0500611	0,0573871	2254,50152713	0,549567159344
53,5	42,678050154	0,0598291	0,0634921	2240,71050435	0,552949610222
54	42,155891527	0,0500611	0,0525031	2218,47130113	0,558492687902
54,5	41,894544988	0,0647131	0,0610501	2207,27101353	0,561326630218
55	41,503326856	0,047619	0,040293	2190,41918458	0,565645155376
55,5	41,111574273	0,0720391	0,0512821	2173,44200326	0,570063520509
56	40,850762185	0,0634921	0,04884	2162,08293326	0,573058498794
56,5	40,328603558	0,101343	0,0695971	2139,20712288	0,579186553161
57	40,06779147	0,102564	0,0525031	2127,71427095	0,582315030226
57,5	39,545632843	0,105006	0,0537241	2104,57276544	0,588718062091
58	39,219083282	0,100122	0,043956	2090,0114827	0,592819709487
58,5	38,697459106	0,0952381	0,035409	2066,61092119	0,599532300587
59	38,436112567	0,128205	0,040293	2054,82213416	0,602971896888
59,5	37,91395394	0,147741	0,0525031	2031,1408742	0,610002002193
60	37,653141852	0,136752	0,0561661	2019,24906666	0,613594439862
60,5	37,130983225	0,147741	0,0622711	1995,31559468	0,62095440105
61	36,870171137	0,166056	0,0634921	1983,29892315	0,624716720982
61,5	36,282809488	0,152625	0,0586081	1956,08668157	0,633407512906
62	36,087200422	0,186813	0,0549451	1946,97841699	0,636370690702
62,5	35,499838773	0,172161	0,0573871	1919,49278895	0,645483018813
63	35,303695256	0,192918	0,0659341	1910,26916774	0,64859969523
63,5	34,716333607	0,181929	0,0866911	1882,51510459	0,658162049793
64	34,455521519	0,201465	0,0891331	1870,12758865	0,662521641583
64,5	33,933362892	0,206349	0,113553	1845,21097998	0,671467931551
65	33,672550804	0,184371	0,137973	1832,70790681	0,676048810287
65,5	33,085189155	0,190476	0,169719	1804,41170661	0,686650388856
66	32,824377067	0,180708	0,203907	1791,78608826	0,691488793286
66,5	32,30221844	0,161172	0,251526	1766,39767003	0,701427555654
67	32,040871901	0,157509	0,296703	1753,63524605	0,706532332075
67,5	31,649653769	0,130647	0,344322	1734,46265337	0,71434227632
68	31,257901186	0,0879121	0,369963	1715,18283911	0,722371966268
68,5	30,670539537	0,0854701	0,437118	1686,12631569	0,734820391849
69	30,474930471	0,0549451	0,471306	1676,41013771	0,739079281453
69,5	29,887568822	0,045177	0,492063	1647,11808864	0,752222933221
70	29,626756734	0,00854701	0,506716	1634,05556699	0,758236148776
70,5	29,235004151	0,00854701	0,493284	1614,37147759	0,767481349368
71	28,843251568	0,00610501	0,468864	1594,61191716	0,776991559306
71,5	28,58243948	0,00610501	0,41514	1581,41545498	0,783475332872
72	28,060280853	0,00732601	0,334554	1554,89729068	0,79683719782
72,5	27,799468765	0,00610501	0,214896	1541,60328056	0,80370872041
73	27,277310138	0,00732601	0,147741	1514,89230156	0,817879923689
73,5	26,951295028	0,00610501	0,114774	1498,15108498	0,827019392386
74	26,429136401	0,00610501	0,111111	1471,23686387	0,842148555699
74,5	26,167789862	0,00610501	0,101343	1457,71995508	0,849957494021
75	25,646165686	0,00610501	0,101343	1430,65102325	0,866039292507
75,5	25,384819147	0,00610501	0,106227	1417,0440941	0,874355290114
76	25,124007059	0,00610501	0,100122	1403,43559822	0,882833527646
76,5	24,53664541	0,00732601	0,108669	1372,68253863	0,902612195561
77	24,014486783	0,00732601	0,0952381	1345,22215212	0,921037464371
77,5	23,753674695	0,00732601	0,131868	1331,46402968	0,930554616856
78	23,557531178	0,00610501	0,108669	1321,09905331	0,937855490013
78,5	22,970169529	0,00610501	0,108669	1289,96849382	0,960488574672
79	22,709357441	0,00610501	0,102564	1276,10162186	0,970925809333
79,5	22,187198814	0,00732601	0,0866911	1248,26028961	0,992581443397
80	21,926386726	0,00976801	0,0989011	1234,31490307	1,00379570636
80,5	21,339025077	0,00610501	0,0842491	1202,81599219	1,03008274586
81	21,078212989	0,00732601	0,105006	1188,7884916	1,04223754584
81,5	20,556054362	0,00610501	0,0952381	1160,63101311	1,06752274065
82	20,294707823	0,00610501	0,0903541	1146,50152001	1,0806788987
82,5	19,773083647	0,00732601	0,0976801	1118,22929697	1,10800173395
83	19,511737108	0,00610501	0,0744811	1104,02922018	1,12225290541
83,5	18,924375459	0,00732601	0,0781441	1072,03197122	1,15574911315
84	18,728766393	0,00732601	0,0866911	1061,35075315	1,16738033711
84,5	18,141404744	0,00732601	0,0842491	1029,20407343	1,20384288401
85	17,880592656	0,00732601	0,0708181	1014,89478299	1,22081620752
85,5	17,619246117	0,00610501	0,0610501	1000,53507618	1,23833739516
86	17,09708749	0,00610501	0,0683761	971,782981229	1,27497602236
86,5	16,836275402	0,00732601	0,0671551	957,391273918	1,29414173051
87	16,314116775	0,00610501	0,04884	928,519052029	1,33438295886
87,5	16,053304687	0,00732601	0,0561661	914,068687729	1,3554780036
88	15,53114606	0,00610501	0,0537241	885,081730518	1,39987072072
88,5	15,20513095	0,00732601	0,0500611	866,94599663	1,4291547626
89	14,682972323	0,00732601	0,047619	837,840857979	1,478801121
89,5	14,421625784	0,00976801	0,0659341	823,247111987	1,5050159083
90	13,900001608	0,00610501	0,0500611	794,06839953	1,56031898604
90,5	13,638655069	0,00610501	0,0622711	779,424247506	1,58963491829
91	13,116496442	0,00610501	0,0537241	750,117627375	1,65174094673
91,5	12,790481332	0,00610501	0,0525031	731,787991118	1,69311332659
92	12,594872266	0,00610501	0,0683761	720,778798862	1,7189739792
92,5	12,007510617	0,00610501	0,045177	687,671170864	1,80173323021
93	11,746164078	0,00610501	0,042735	672,916494596	1,84123886091
93,5	11,224005451	0,00610501	0,040293	643,395690901	1,9257200779
94	10,963193363	0,00610501	0,047619	628,630232376	1,97095197811
94,5	10,441034736	0,00732601	0,0647131	599,030221434	2,06834305794
95	10,180222648	0,00610501	0,045177	584,226579299	2,1207525366
95,5	9,918876109	0,00610501	0,0586081	569,380459084	2,17604938883
96	9,397251933	0,00610501	0,041514	539,713827333	2,29566102859
96,5	9,070702372	0,00610501	0,0512821	521,118862483	2,37757657456
97	8,548543745	0,00732601	0,0586081	491,350255779	2,52162278421
97,5	8,287731657	0,00610501	0,0500611	476,465750313	2,60039677393
98	7,76557303	0,010989	0,0720391	446,63687908	2,77406559564
98,5	7,43955792	0,00854701	0,0744811	427,993948621	2,89490074332
99	6,917399293	0,00610501	0,0683761	398,106079959	3,11223581445
99,5	6,656052754	0,00610501	0,0537241	383,134278659	3,23385316588
100	6,1996316	0,00610501	0,0561661	356,968275197	3,47089667651
100,5	5,873082039	0,00610501	0,0500611	338,233635652	3,66314839626
101	5,350923412	0,00854701	0,0622711	308,254032608	4,01941213719
101,5	5,090111324	0,00610501	0,0610501	293,269830654	4,22477824343
102	4,567952697	0,00732601	0,0927961	263,252771573	4,70650315511
102,5	4,307140609	0,00610501	0,0744811	248,251260239	4,99091121958
103	3,784981982	0,00610501	0,0757021	218,202350528	5,6782156425
103,5	3,458432421	0,00732601	0,0757021	199,400879276	6,21361352315
104	3,002011267	0,00610501	0,0598291	173,111182221	7,1572499483
104,5	2,675461706	0,014652	0,0610501	154,295204585	8,03006161686
105	2,153303079	0,031746	0,0805861	124,197956783	9,97600952621
105,5	1,892490991	0,015873	0,114774	109,160716696	11,3502369488
106	1,370332364	0,148962	0,262515	79,0489379812	15,6738348628
106,5	1,044317254	0,986569	1,40781	60,2448511716	20,5660728827
107	0,587361649	4,98779	4,98779	33,8851575245	36,5646817225
107,5	0,261346539	4,98657	4,98901	15,0774110985	82,1759114947
108	-0,260812088	4,98901	4,98901	-15,0465781602	-82,3443035893
108,5	-0,522158627	4,98779	4,98901	-30,1236765205	-41,1304376861
109	-1,043782803	4,81319	2,68864	-60,214023032	-20,5766022201
109,5	-1,305129342	0,732601	0,429792	-75,2883058842	-16,4567390041
110	-1,827287969	0,0757021	0,113553	-105,401041078	-11,7551021064
110,5	-2,088100057	0,03663	0,107448	-120,438875856	-10,2873759921
111	-2,348912145	0,018315	0,0952381	-135,474215027	-9,14565181094
111,5	-2,871070772	0,00732601	0,0854701	-165,566954986	-7,48337734485
112	-3,328026377	0,00610501	0,0573871	-191,890755492	-6,45679880108
112,5	-3,71977896	0,00610501	0,0586081	-214,448757422	-5,77760400616
113	-3,980591048	0,00732601	0,0622711	-229,461414892	-5,39960062821
113,5	-4,502749675	0,00732601	0,0598291	-259,502892991	-4,77451324616
114	-4,763561763	0,00610501	0,0634921	-274,500342328	-4,51365557323
114,5	-5,350923412	0,00732601	0,04884	-308,254032608	-4,01941213719
115	-5,546532478	0,00610501	0,0634921	-319,488009374	-3,8780798141
115,5	-6,133894127	0,00732601	0,0647131	-353,197730064	-3,50795006462
116	-6,656052754	0,00732601	0,0598291	-383,134278659	-3,23385316588
116,5	-6,916864842	0,00732601	0,0659341	-398,075471124	-3,11247512061
117	-7,178211381	0,00610501	0,0561661	-413,039006706	-2,99971668507
117,5	-7,76557303	0,00610501	0,0512821	-446,63687908	-2,77406559564
118	-7,961182096	0,00732601	0,0695971	-457,815734921	-2,70632899984
118,5	-8,548543745	0,00610501	0,0683761	-491,350255779	-2,52162278421
119	-8,744152811	0,00610501	0,0708181	-502,5069703	-2,46563744034
119,5	-9,33151446	0,00610501	0,0525031	-535,97187738	-2,31168845287
120	-9,592860999	0,00610501	0,0525031	-550,844188572	-2,24927488699
120,5	-10,179688197	0,00610501	0,035409	-584,196231433	-2,1208627056
121	-10,441034736	0,00610501	0,04884	-599,030221434	-2,06834305794
121,5	-10,963193363	0,00610501	0,0500611	-628,630232376	-1,97095197811
122	-11,224005451	0,00610501	0,0549451	-643,395690901	-1,9257200779
122,5	-11,746164078	0,00610501	0,0598291	-672,916494596	-1,84123886091
123	-12,006976166	0,00732601	0,0573871	-687,641012197	-1,8018122509
123,5	-12,529134793	0,00610501	0,045177	-717,077095909	-1,72784768482
124	-12,789946881	0,00610501	0,0561661	-731,75792292	-1,69318289723
124,5	-13,37730853	0,00610501	0,039072	-764,763878823	-1,62010789776
125	-13,638655069	0,00732601	0,0634921	-779,424247506	-1,58963491829
125,5	-14,160813696	0,00610501	0,0549451	-808,666133919	-1,5321526994
126	-14,421625784	0,00610501	0,0695971	-823,247111987	-1,5050159083
126,5	-14,943784411	0,00610501	0,0647131	-852,387381479	-1,45356445546
127	-15,204596499	0,00610501	0,0537241	-866,916242714	-1,42920381342
127,5	-15,791958148	0,00610501	0,0549451	-899,569713613	-1,3773251603
128	-15,987567214	0,00610501	0,0525031	-910,423484883	-1,36090513983
128,5	-16,574928863	0,00732601	0,043956	-942,950176543	-1,31396125779
129	-16,836275402	0,00610501	0,0525031	-957,391273918	-1,29414173051
129,5	-17,357899578	0,00610501	0,0610501	-986,154552285	-1,25639535621
130	-17,619246117	0,00732601	0,0634921	-1000,53507618	-1,23833739516
130,5	-18,141404744	0,00732601	0,0683761	-1029,20407343	-1,20384288401
131	-18,532622876	0,00610501	0,0537241	-1050,62793017	-1,17929474785
131,5	-18,924375459	0,00732601	0,0708181	-1072,03197122	-1,15574911315
132	-19,446534086	0,00610501	0,0732601	-1100,48286889	-1,12586941153
132,5	-19,707346174	0,00732601	0,0634921	-1114,65967698	-1,11155003234
133	-20,033895735	0,00610501	0,0879121	-1132,37714045	-1,09415843516
133,5	-20,555519911	0,00610501	0,0549451	-1160,60214299	-1,06754929541
134	-20,81686645	0,00732601	0,0769231	-1174,70753774	-1,05473061183
134,5	-21,339025077	0,00610501	0,0854701	-1202,81599219	-1,03008274586
135	-21,599837165	0,00732601	0,0842491	-1216,81856931	-1,01822903697
135,5	-22,187198814	0,00610501	0,0720391	-1248,26028961	-0,992581443397
136	-22,38280788	0,00610501	0,0976801	-1258,70237131	-0,984347076987
136,5	-22,970169529	0,00610501	0,0940171	-1289,96849382	-0,960488574672
137	-23,427125134	0,00610501	0,113553	-1314,19932131	-0,942779363763
137,5	-23,753140244	0,00732601	0,119658	-1331,43580839	-0,93057434102
138	-24,210095849	0,00732601	0,1221	-1355,52246702	-0,914038704738
138,5	-24,536110959	0,00610501	0,111111	-1372,65448968	-0,902630639621
139	-25,058269586	0,00732601	0,111111	-1400,0009883	-0,884999375255
139,5	-25,319616125	0,00732601	0,107448	-1413,64471186	-0,876457846592
140	-25,776037279	0,00732601	0,0915751	-1437,40169531	-0,861971990184
140,5	-26,10258684	0,00732601	0,117216	-1454,34290006	-0,851931136698
141	-26,363398928	0,00610501	0,108669	-1467,83977562	-0,844097578347
141,5	-26,950760577	0,00732601	0,118437	-1498,12360039	-0,827034564891
142	-27,146369643	0,00610501	0,108669	-1508,17423351	-0,821523118796
142,5	-27,733731292	0,00732601	0,140415	-1538,24748503	-0,805462067748
143	-27,995077831	0,00732601	0,216117	-1551,57679792	-0,798542490233
143,5	-28,517236458	0,00854701	0,338217	-1578,11120868	-0,785115772062
144	-28,778048546	0,00610501	0,443223	-1591,31588862	-0,778600910644
144,5	-29,300207173	0,00732601	0,534799	-1617,65294365	-0,765924486377
145	-29,691425305	0,00854701	0,553114	-1637,29759733	-0,756734757335
145,5	-30,14838091	0,013431	0,553114	-1660,14648046	-0,746319685993
146	-30,605336515	0,029304	0,522589	-1682,88976774	-0,73623360469
146,5	-30,931351625	0,0805861	0,507937	-1699,05062923	-0,729230770809
147	-31,192698164	0,114774	0,472527	-1711,96611264	-0,723729278783
147,5	-31,71432234	0,168498	0,443223	-1737,63749608	-0,713037099392
148	-31,975668879	0,202686	0,383394	-1750,44546748	-0,707819822449
148,5	-32,497827506	0,263736	0,34188	-1775,92588047	-0,697664251432
149	-32,758639594	0,308913	0,300366	-1788,59794289	-0,692721360284
149,5	-33,280798221	0,340659	0,257631	-1813,85639805	-0,683075022551
150	-33,541610309	0,363858	0,189255	-1826,41641424	-0,678377608928
150,5	-34,128971958	0,371184	0,156288	-1854,5632076	-0,668081839931
151	-34,585927563	0,351648	0,105006	-1876,32620653	-0,660332939811
151,5	-34,911942673	0,387057	0,0940171	-1891,78015689	-0,654938680633
152	-35,368898278	0,35409	0,0854701	-1913,33782003	-0,647559457106
152,5	-35,695447839	0,361416	0,0915751	-1928,6688745	-0,642411984963
153	-36,217072015	0,367521	0,0683761	-1953,02824568	-0,634399427012
153,5	-36,543621576	0,368742	0,0695971	-1968,19555054	-0,629510619337
154	-37,000577181	0,374847	0,0561661	-1989,31241148	-0,622828266115
154,5	-37,326592291	0,357753	0,037851	-2004,30097938	-0,618170630433
155	-37,653141852	0,321123	0,0561661	-2019,24906666	-0,613594439862
155,5	-38,109563006	0,310134	0,037851	-2040,03212362	-0,607343377419
156	-38,305706523	0,311355	0,0634921	-2048,92379076	-0,604707703424
156,5	-38,892533721	0,299145	0,0683761	-2075,3823108	-0,59699843906
157	-39,15388026	0,296703	0,0500611	-2087,09584623	-0,593647868274
157,5	-39,676038887	0,25641	0,0647131	-2110,36867103	-0,587101209853
158	-39,871647953	0,251526	0,039072	-2119,04202214	-0,58469817354
158,5	-40,524212624	0,217338	0,0659341	-2147,79768564	-0,576869976294
159	-40,850227734	0,222222	0,046398	-2162,0596104	-0,573064680568
159,5	-41,307183339	0,21978	0,0732601	-2181,93176389	-0,567845438848
160	-41,6337329	0,206349	0,0695971	-2196,04784665	-0,564195357532
160,5	-42,090154054	0,181929	0,0671551	-2215,65838664	-0,559201728692
161	-42,286297571	0,169719	0,0708181	-2224,04274536	-0,557093609188
161,5	-42,87365922	0,162393	0,0549451	-2248,99385219	-0,550913022191
162	-43,134471308	0,164835	0,0647131	-2259,9975232	-0,548230689316
162,5	-43,721832957	0,14652	0,0525031	-2284,6065011	-0,542325341105
163	-43,917442023	0,152625	0,041514	-2292,74886399	-0,540399351826
163,5	-44,504803672	0,150183	0,0720391	-2317,03722542	-0,534734611256
164	-44,700412738	0,139194	0,0683761	-2325,07205522	-0,532886710853
164,5	-45,287774387	0,140415	0,0659341	-2349,03526455	-0,527450574582
165	-45,549120926	0,111111	0,0549451	-2359,61848522	-0,525084884595
165,5	-46,070745102	0,130647	0,0561661	-2380,59464316	-0,520458198778
166	-46,332091641	0,10989	0,0647131	-2391,03012807	-0,51818669512
166,5	-46,854250268	0,13431	0,0695971	-2411,73055346	-0,513738982252
167	-47,115062356	0,0927961	0,0598291	-2421,99526825	-0,511561693055
167,5	-47,702424005	0,0976801	0,0695971	-2444,9278119	-0,50676342834
168	-47,898033071	0,0976801	0,0659341	-2452,50812331	-0,505197103416
168,5	-48,48539472	0,0793651	0,0573871	-2475,09763075	-0,500586314095
169	-48,681538237	0,0927961	0,0879121	-2482,58335282	-0,499076898503
169,5	-49,334102908	0,0586081	0,045177	-2507,27826322	-0,494161345462
170	-49,529711974	0,0793651	0,0561661	-2514,61745609	-0,492719080192
170,5	-49,855727084	0,0512821	0,042735	-2526,78427053	-0,490346569927
171	-50,312682689	0,045177	0,0647131	-2543,69997528	-0,487085745976
171,5	-50,63923225	0,042735	0,0598291	-2555,68921242	-0,484800731629
172	-51,160856426	0,020757	0,0561661	-2574,66822001	-0,481227053012
172,5	-51,422202965	0,015873	0,0512821	-2584,09702455	-0,479471160808
173	-51,878624119	0,017094	0,0549451	-2600,43463443	-0,476458813306
173,5	-52,20517368	0,023199	0,0537241	-2612,02228055	-0,474345111535
174	-52,727332307	0,015873	0,0525031	-2630,37467652	-0,471035556668
174,5	-52,988144395	0,029304	0,0659341	-2639,45976565	-0,469414240037
175	-53,4451	0,00976801	0,0683761	-2655,24532037	-0,466623550937
175,5	-53,836318132	0,01221	0,0610501	-2668,62581537	-0,464283899549
176	-54,293273737	0,014652	0,0695971	-2684,09709605	-0,461607742069
176,5	-54,619823298	0,00732601	0,047619	-2695,04864258	-0,459731961948
177	-55,076244452	0,00976801	0,0634921	-2710,20894537	-0,457160324157
177,5	-55,402794013	0,00732601	0,0683761	-2720,95000008	-0,455355666206
178	-55,859749618	0,00610501	0,0708181	-2735,83199272	-0,452878686738
178,5	-56,185764728	0,00610501	0,0708181	-2746,34324544	-0,451145355577
179	-56,512314289	0,00610501	0,0500611	-2756,78259396	-0,449436964204
179,5	-57,033938465	0,00732601	0,0720391	-2773,27230849	-0,446764638368
180	-57,230081982	0,00610501	0,0561661	-2779,41345311	-0,445777506982
180,5	-57,817443631	0,00610501	0,0708181	-2797,60831982	-0,442878294013
181	-58,013052697	0,00610501	0,0573871	-2803,60259096	-0,441931393555
181,5	-58,600414346	0,00610501	0,0512821	-2821,40512623	-0,439142889648
182	-58,861226434	0,00732601	0,043956	-2829,21521442	-0,437930629556
182,5	-59,383385061	0,00610501	0,0622711	-2844,67506142	-0,435550624675
183	-59,644197149	0,00610501	0,0647131	-2852,30867605	-0,434384963453
183,5	-60,166355776	0,00610501	0,0622711	-2867,41377997	-0,43209668889
184	-60,427702315	0,00610501	0,0598291	-2874,88471251	-0,430973803786
184,5	-60,949326491	0,00610501	0,0500611	-2889,61703561	-0,428776541919
185	-61,21067303	0,00610501	0,0549451	-2896,90830893	-0,42769734761
185,5	-61,798034679	0,00488401	0,043956	-2913,07485815	-0,425323776537
186	-61,993643745	0,00854701	0,0683761	-2918,39093463	-0,424549016137
186,5	-62,581005394	0,00610501	0,0573871	-2934,14902441	-0,422268940566
187	-62,77661446	0,00732601	0,0622711	-2939,32857792	-0,421524837103
187,5	-63,429179131	0,00488401	0,0500611	-2956,35978275	-0,419096487251
188	-63,624788197	0,00610501	0,047619	-2961,39035353	-0,418384559983
188,5	-64,146946824	0,00610501	0,0512821	-2974,6497486	-0,416519625742
189	-64,408293363	0,00610501	0,0573871	-2981,19352811	-0,415605356819
189,5	-64,929917539	0,00610501	0,0500611	-2994,0687434	-0,413818153886
190	-65,191264078	0,00732601	0,0720391	-3000,42629502	-0,412941321724
190,5	-65,713422705	0,00610501	0,047619	-3012,94130554	-0,411226065945
191	-65,974234793	0,00610501	0,0683761	-3019,09876018	-0,410387370014
191,5	-66,561596442	0,00610501	0,039072	-3032,73637557	-0,408541939215
192	-66,757205508	0,00610501	0,0634921	-3037,20743668	-0,407940526234
192,5	-67,344567157	0,00610501	0,0500611	-3050,41988867	-0,406173590922
193	-67,540176223	0,01221	0,0573871	-3054,74894289	-0,405597979789
193,5	-68,127537872	0,00610501	0,0561661	-3067,53376419	-0,403907534602
194	-68,323681389	0,00610501	0,0586081	-3071,7313919	-0,403355580917
194,5	-68,911043038	0,00610501	0,041514	-3084,08590072	-0,401739782835
195	-69,106652104	0,00610501	0,0561661	-3088,12844433	-0,401213881591
195,5	-69,694013753	0,00610501	0,040293	-3100,05062631	-0,399670892302
196	-69,954825841	0,00854701	0,0757021	-3105,24017712	-0,399002952856
196,5	-70,476984468	0,00610501	0,0573871	-3115,43644624	-0,397697087192
197	-70,737796556	0,00732601	0,0781441	-3120,43251693	-0,397060341244
197,5	-71,325158205	0,00610501	0,0683761	-3131,44698641	-0,395663731615
198	-71,521301722	0,00610501	0,0586081	-3135,05191774	-0,395208766078
198,5	-72,10812892	0,00610501	0,0573871	-3145,6176842	-0,393881305482
199	-72,369475459	0,00610501	0,0634921	-3150,21706687	-0,393306230555
199,5	-72,891634086	0,00610501	0,0683761	-3159,21003775	-0,392186649572
200	-73,152446174	0,00610501	0,0769231	-3163,60370741	-0,391641973708
200,5	-73,739807823	0,00610501	0,0732601	-3173,25828353	-0,39045041068
201	-73,935416889	0,00610501	0,0586081	-3176,39957434	-0,390064275921
201,5	-74,522778538	0,00610501	0,0683761	-3185,60939476	-0,388936572713
202	-74,718387604	0,00732601	0,0879121	-3188,60227814	-0,388571509371
202,5	-75,305749253	0,00610501	0,0769231	-3197,36562302	-0,387506511949
203	-75,50189277	0,00732601	0,0781441	-3200,21725926	-0,387161214262
203,5	-76,089254419	0,00610501	0,0695971	-3208,5321857	-0,386157884132
204	-76,350066507	0,00610501	0,0781441	-3212,11629304	-0,385727005801
204,5	-76,872225134	0,00610501	0,0671551	-3219,09176375	-0,384891171465
205	-77,133037222	0,00732601	0,0744811	-3222,47584286	-0,384486978466
205,5	-77,720398871	0,00732601	0,0647131	-3229,85233634	-0,383608868448
206	-77,916007937	0,00610501	0,0708181	-3232,23362523	-0,383326251644
206,5	-78,503369586	0,00610501	0,0683761	-3239,1574881	-0,382506872405
207	-78,699513103	0,00610501	0,0512821	-3241,39386005	-0,382242965062
207,5	-79,286340301	0,00732601	0,0549451	-3247,85775728	-0,381482223851
208	-79,54768684	0,00732601	0,041514	-3250,62687377	-0,381157250006
