Vernier Format 2
Bandlücke-Ge1.cmbl 26.09.2019 16:22:46 ,
Latest
Time	Potential	Pyro	Sample	Wellenlänge	Energie
t	Pot	Pot	Pot	Lambda	E
s	°	V	V	nm	eV

0	-76,545675573	0,108669	0,042735	-3214,76069883	-0,385409713529
0,5	-76,350066507	0,106227	0,0549451	-3212,11629304	-0,385727005801
1	-75,762704858	0,105006	0,045177	-3203,95098458	-0,386710035816
1,5	-75,567095792	0,10989	0,03663	-3201,15691034	-0,387047568958
2	-75,240546231	0,0964591	0,035409	-3196,40936746	-0,387622440547
2,5	-74,784125077	0,118437	0,047619	-3189,59974131	-0,388449993882
3	-74,457575516	0,117216	0,03663	-3184,60351413	-0,389059421213
3,5	-73,935416889	0,114774	0,042735	-3176,39957434	-0,390064275921
4	-73,609401779	0,117216	0,025641	-3171,14353959	-0,39071079077
4,5	-73,413258262	0,119658	0,010989	-3167,93182423	-0,391106901519
5	-72,826431064	0,10989	0,029304	-3158,10138834	-0,392324326436
5,5	-72,565084525	0,117216	0,02442	-3153,61666763	-0,39288224619
6	-72,042925898	0,139194	0,030525	-3144,4599851	-0,394026321172
6,5	-71,847316832	0,133089	0,046398	-3140,96246022	-0,394465077406
7	-71,521301722	0,135531	0,039072	-3135,05191774	-0,395208766078
7,5	-70,999143095	0,148962	0,035409	-3125,37396822	-0,396432558982
8	-70,672593534	0,153846	0,047619	-3119,18955695	-0,397218565072
8,5	-70,21617238	0,148962	0,03663	-3110,37582079	-0,398344145978
9	-69,889622819	0,156288	0,045177	-3103,94881745	-0,399168953121
9,5	-69,694013753	0,184371	0,037851	-3100,05062631	-0,399670892302
10	-69,106652104	0,148962	0,014652	-3088,12844433	-0,401213881591
10,5	-68,845305565	0,144078	0,034188	-3082,7192685	-0,40191788226
11	-68,584493477	0,142857	0,020757	-3077,25721203	-0,402631276696
11,5	-68,06233485	0,157509	0,030525	-3066,13040351	-0,40409240213
12	-67,801522762	0,164835	0,013431	-3060,47727082	-0,404838817728
12,5	-67,540176223	0,178266	0,037851	-3054,74894289	-0,405597979789
13	-66,953349025	0,150183	0,026862	-3041,65516825	-0,407344005636
13,5	-66,757205508	0,185592	0,0549451	-3037,20743668	-0,407940526234
14	-66,169843859	0,192918	0,032967	-3023,67580403	-0,409766152294
14,5	-65,909031771	0,190476	0,02442	-3017,56525642	-0,41059592576
15	-65,648219683	0,178266	0,025641	-3011,39218203	-0,411437609288
15,5	-65,126061056	0,18315	0,019536	-2998,84599678	-0,413158928912
16	-64,864714517	0,203907	0,035409	-2992,47289096	-0,414038838494
16,5	-64,343090341	0,185592	0,018315	-2979,56673049	-0,415832270954
17	-64,081743802	0,179487	0,029304	-2973,00749722	-0,416749705864
17,5	-63,820931714	0,186813	0,026862	-2966,4000108	-0,417677992006
18	-63,233570065	0,202686	0,045177	-2951,29475401	-0,419815743012
18,5	-63,037960999	0,239316	0,032967	-2946,19532634	-0,420542381872
19	-62,711411438	0,221001	0,025641	-2937,60586372	-0,421772033922
19,5	-62,254455833	0,217338	0,017094	-2925,42611309	-0,423528044155
20	-61,928440723	0,192918	0,021978	-2916,62268557	-0,424806405754
20,5	-61,667094184	0,218559	0,010989	-2909,49730714	-0,425846759493
21	-61,080266986	0,21978	0,034188	-2893,2776522	-0,428234047658
21,5	-60,884123469	0,247863	0,040293	-2887,78856809	-0,429048031317
22	-60,623311381	0,240537	0,028083	-2880,43732313	-0,430143016843
22,5	-60,101152754	0,255189	0,029304	-2865,54056134	-0,432379152721
23	-59,840340666	0,247863	0,030525	-2858,0106007	-0,433518336041
23,5	-59,318182039	0,230769	0,028083	-2842,75744151	-0,435844431153
24	-58,991632478	0,267399	0,045177	-2833,09828458	-0,43733039787
24,5	-58,796023412	0,246642	0,037851	-2827,26818207	-0,438232215769
25	-58,208661763	0,255189	0,031746	-2809,56418461	-0,440993662571
25,5	-57,947849675	0,241758	0,040293	-2801,60812798	-0,442246004225
26	-57,49089407	0,235653	0,026862	-2787,5288705	-0,444479701399
26,5	-57,16487896	0,252747	0,017094	-2777,37559341	-0,446104589865
27	-56,903532421	0,260073	0,020757	-2769,17137599	-0,447426262868
27,5	-56,381373794	0,271062	0,013431	-2752,60733866	-0,450118686599
28	-56,055358684	0,264957	0,028083	-2742,14939537	-0,451835338399
28,5	-55,859749618	0,308913	0,040293	-2735,83199272	-0,452878686738
29	-55,272387969	0,29304	0,034188	-2716,67119077	-0,456072860127
29,5	-55,076244452	0,31746	0,021978	-2710,20894537	-0,457160324157
30	-54,750229342	0,330891	0,031746	-2699,39765111	-0,458991286256
30,5	-54,228070715	0,345543	0,018315	-2681,89991769	-0,461985919693
31	-54,032461649	0,362637	0,017094	-2675,28755469	-0,463127785208
31,5	-53,77111511	0,384615	0,015873	-2666,40435615	-0,464670708006
32	-53,183753461	0,395604	0,029304	-2646,23770107	-0,468211906852
32,5	-52,988144395	0,418803	0,04884	-2639,45976565	-0,469414240037
33	-52,400782746	0,396825	0,043956	-2618,92287896	-0,47309525987
33,5	-52,20517368	0,41514	0,03663	-2612,02228055	-0,474345111535
34	-51,878624119	0,421245	0,0500611	-2600,43463443	-0,476458813306
34,5	-51,356999943	0,416361	0,00854701	-2581,74966979	-0,47990710118
35	-51,030450382	0,454212	0,034188	-2569,94341294	-0,482111782602
35,5	-50,834841316	0,47619	0,039072	-2562,83124827	-0,483449700731
36	-50,247479667	0,483516	0,047619	-2541,29614361	-0,487546484149
36,5	-50,051870601	0,510379	0,045177	-2534,06491429	-0,488937750969
37	-49,72532104	0,527473	0,037851	-2521,92733975	-0,491290918843
37,5	-49,268365435	0,512821	0,01221	-2504,8052481	-0,494649235082
38	-48,942350325	0,532357	0,025641	-2492,4920406	-0,497092861207
38,5	-48,681538237	0,542125	0,014652	-2482,58335282	-0,499076898503
39	-48,15937961	0,556777	0,015873	-2462,59129172	-0,503128555748
39,5	-47,898033071	0,595849	0,015873	-2452,50812331	-0,505197103416
40	-47,637220983	0,594628	0,019536	-2442,3947044	-0,50728901343
40,5	-47,115062356	0,59707	0,020757	-2421,99526825	-0,511561693055
41	-46,789047246	0,636142	0,043956	-2409,1565581	-0,514287872175
41,5	-46,592903729	0,666667	0,023199	-2401,39467753	-0,515950173287
42	-46,00554208	0,691087	0,034188	-2377,9833784	-0,521029714192
42,5	-45,809933014	0,695971	0,025641	-2370,13111986	-0,522755888743
43	-45,352977409	0,673993	0,023199	-2351,68024335	-0,526857341045
43,5	-44,961759277	0,713065	0,035409	-2335,76480703	-0,530447242064
44	-44,635209716	0,724054	0,019536	-2322,39678511	-0,533500566288
44,5	-44,178788562	0,739927	0,037851	-2303,58587478	-0,537857092095
45	-43,852239001	0,746032	0,047619	-2290,03770759	-0,541039126077
45,5	-43,656629935	0,763126	0,030525	-2281,88645804	-0,542971801088
46	-43,069268286	0,789988	0,047619	-2257,25098681	-0,548897755386
46,5	-42,808456198	0,798535	0,034188	-2246,23564406	-0,551589501874
47	-42,547109659	0,791209	0,019536	-2235,15104178	-0,554324954708
47,5	-42,024951032	0,802198	0,026862	-2212,86546019	-0,559907514619
48	-41,764138944	0,808303	0,00854701	-2201,66513267	-0,562755880363
48,5	-41,503326856	0,830281	0,02442	-2190,41918458	-0,565645155376
49	-40,981168229	0,833944	0,039072	-2167,76808304	-0,57155560583
49,5	-40,71982169	0,820513	0,03663	-2156,36321466	-0,574578527206
50	-40,459009602	0,802198	0,041514	-2144,93694131	-0,577639359059
50,5	-39,936850975	0,772894	0,0512821	-2121,92765559	-0,583903035873
51	-39,610835865	0,748474	0,00732601	-2107,47208289	-0,587908143628
51,5	-39,414692348	0,705739	0,029304	-2098,74213687	-0,590353611447
52	-38,827330699	0,647131	0,021978	-2072,45317557	-0,597842216465
52,5	-38,631721633	0,620269	0,021978	-2063,64968133	-0,600392601131
53	-38,305706523	0,628816	0,032967	-2048,92379076	-0,604707703424
53,5	-37,783547896	0,620269	0,043956	-2025,20021595	-0,611791362772
54	-37,456998335	0,603175	0,010989	-2010,27826385	-0,616332585533
54,5	-37,000577181	0,628816	0,026862	-1989,31241148	-0,622828266115
55	-36,67402762	0,661783	0,046398	-1974,23470711	-0,627584955091
55,5	-36,478418554	0,648352	0,028083	-1965,17214691	-0,630479117033
56	-35,891056905	0,665446	0,023199	-1937,82248037	-0,639377452037
56,5	-35,695447839	0,666667	0,020757	-1928,6688745	-0,642411984963
57	-35,368898278	0,721612	0,00732601	-1913,33782003	-0,647559457106
57,5	-34,911942673	0,749695	0,047619	-1891,78015689	-0,654938680633
58	-34,520724541	0,781441	0,041514	-1873,22811056	-0,661425051768
58,5	-34,324581024	0,826618	0,047619	-1863,89381929	-0,664737436852
59	-34,063768936	0,882784	0,029304	-1851,44819478	-0,669205870027
59,5	-33,541610309	0,960928	0,00854701	-1826,41641424	-0,678377608928
60	-33,215595199	1,04029	0,031746	-1810,71051119	-0,684261781408
60,5	-33,019451682	1,11355	0,026862	-1801,23294388	-0,687862169194
61	-32,432624484	1,18193	0,040293	-1772,75210478	-0,69891328667
61,5	-32,171277945	1,24542	0,04884	-1760,00798586	-0,7039740785
62	-31,910465857	1,27839	0,015873	-1747,25342198	-0,709112933712
62,5	-31,453510252	1,38706	0,03663	-1724,8196743	-0,718335961991
63	-31,127495142	1,45543	0,031746	-1708,74716906	-0,725092642396
63,5	-30,605336515	1,55433	0,014652	-1682,88976774	-0,73623360469
64	-30,278786954	1,62027	0,029304	-1666,64779329	-0,743408418375
64,5	-30,083177888	1,70574	0,026862	-1656,89259695	-0,747785343647
65	-29,495816239	1,81685	0,045177	-1627,48475509	-0,761297453708
65,5	-29,235004151	1,88889	0,035409	-1614,37147759	-0,767481349368
66	-28,973657612	1,97802	0,010989	-1601,19777461	-0,77379572945
66,5	-28,451498985	2,0757	0,040293	-1574,77780945	-0,786777660039
67	-28,190686897	2,17705	0,029304	-1561,53223082	-0,793451441823
67,5	-27,929874809	2,28938	0,013431	-1548,25429578	-0,800256135813
68	-27,407716182	2,36996	0,03663	-1521,57508539	-0,814287781061
68,5	-27,146369643	2,45421	0,025641	-1508,17423351	-0,821523118796
69	-26,885557555	2,52991	0,00976801	-1494,76950324	-0,828890338822
69,5	-26,363398928	2,65079	0,02442	-1467,83977562	-0,844097578347
70	-26,037383818	2,72894	0,040293	-1450,96396159	-0,853915074944
70,5	-25,841240301	2,77045	0,020757	-1440,78813913	-0,85994600202
71	-25,319616125	2,86447	0,020757	-1413,64471186	-0,876457846592
71,5	-24,993066564	3,00855	0,014652	-1396,5924815	-0,887159294074
72	-24,732254476	3,27228	0,03663	-1382,94041179	-0,895917126607
72,5	-24,210095849	3,54823	0,03663	-1355,52246702	-0,914038704738
73	-23,949283761	3,69109	0,010989	-1341,78522359	-0,923396664543
73,5	-23,6227342	3,49939	0,02442	-1324,54635519	-0,935414600737
74	-23,165778595	2,8083	0,015873	-1300,35112234	-0,952819572127
74,5	-22,904966507	1,98413	0,03663	-1286,50427049	-0,963074922033
75	-22,317604858	1,49206	0,021978	-1255,2233015	-0,987075366206
75,5	-22,121995792	1,49573	0,046398	-1244,77635656	-0,995359522596
76	-21,795446231	1,61172	0,043956	-1227,30397156	-1,00952985463
76,5	-21,599837165	1,70696	0,02442	-1216,81856931	-1,01822903697
77	-21,012475516	1,74725	0,00732601	-1185,24897334	-1,04534998795
77,5	-20,751663428	1,81197	0,019536	-1171,19067717	-1,0578977652
78	-20,490316889	1,80586	0,03663	-1157,07923041	-1,0707996198
78,5	-19,968158262	1,77778	0,046398	-1128,81338829	-1,09761277892
79	-19,707346174	1,63736	0,040293	-1114,65967698	-1,11155003234
79,5	-19,446534086	1,33822	0,026862	-1100,48286889	-1,12586941153
80	-18,859172437	1,00122	0,037851	-1068,47294739	-1,15959884901
80,5	-18,66302892	0,601954	0,023199	-1057,75838004	-1,17134500977
81	-18,141404744	0,302808	0,013431	-1029,20407343	-1,20384288401
81,5	-17,880058205	0,136752	0,03663	-1014,86543898	-1,22085150643
82	-17,554043095	0,0793651	0,0512821	-996,949234489	-1,24279146534
82,5	-17,09708749	0,108669	0,04884	-971,782981229	-1,27497602236
83	-16,77107238	0,0659341	0,015873	-953,790235738	-1,29902776688
83,5	-16,509725841	0,041514	0,018315	-939,344215505	-1,3190053013
84	-15,922364192	0,047619	0,031746	-906,806733934	-1,36633303838
84,5	-15,726755126	0,043956	0,046398	-895,949453612	-1,38289051353
85	-15,400205565	0,0683761	0,046398	-877,801116662	-1,41148145802
85,5	-14,878581389	0,0744811	0,0598291	-848,752394674	-1,45978969576
86	-14,61723485	0,0549451	0,030525	-834,171667438	-1,48530578101
86,5	-14,356422762	0,0622711	0,0512821	-819,603454904	-1,51170665837
87	-13,834264135	0,035409	0,026862	-790,386444401	-1,56758761335
87,5	-13,573452047	0,028083	0,017094	-775,76815676	-1,59712665337
88	-13,246902486	0,0512821	0,023199	-757,442714967	-1,6357672673
88,5	-12,789946881	0,032967	0,015873	-731,75792292	-1,69318289723
89	-12,529134793	0,046398	0,025641	-717,077095909	-1,72784768482
89,5	-12,268322705	0,0525031	0,046398	-702,381410387	-1,76399884974
90	-11,746164078	0,0671551	0,034188	-672,916494596	-1,84123886091
90,5	-11,419614517	0,0647131	0,037851	-654,461052546	-1,89316078501
91	-11,158802429	0,046398	0,032967	-639,705564176	-1,93682854955
91,5	-10,701846824	0,03663	0,015873	-613,821451101	-2,01850228235
92	-10,375831714	0,0720391	0,047619	-595,330462591	-2,08119704577
92,5	-10,179688197	0,0659341	0,040293	-584,196231433	-2,1208627056
93	-9,592860999	0,0683761	0,037851	-550,844188572	-2,24927488699
93,5	-9,33151446	0,0842491	0,0512821	-535,97187738	-2,31168845287
94	-9,070702372	0,0695971	0,01221	-521,118862483	-2,37757657456
94,5	-8,548543745	0,0866911	0,018315	-491,350255779	-2,52162278421
95	-8,221994184	0,0769231	0,031746	-472,712552951	-2,62104315247
95,5	-7,700370008	0,0976801	0,046398	-442,909430521	-2,79741164812
96	-7,439023469	0,106227	0,0549451	-427,963374898	-2,89510755516
96,5	-7,178211381	0,117216	0,02442	-413,039006706	-2,99971668507
97	-6,656052754	0,119658	0,030525	-383,134278659	-3,23385316588
97,5	-6,395240666	0,103785	0,021978	-368,185147292	-3,36515475736
98	-6,133894127	0,1221	0,032967	-353,197730064	-3,50795006462
98,5	-5,6117355	0,14652	0,0500611	-323,231847249	-3,83316189462
99	-5,28572039	0,14652	0,043956	-304,508568804	-4,06885101745
99,5	-5,090111324	0,151404	0,03663	-293,269830654	-4,22477824343
100	-4,763561763	0,174603	0,034188	-274,500342328	-4,51365557323
100,5	-4,241403136	0,174603	0,018315	-244,469317706	-5,06812066082
101	-3,980591048	0,233211	0,0512821	-229,461414892	-5,39960062821
101,5	-3,458432421	0,258852	0,034188	-199,400879276	-6,21361352315
102	-3,197620333	0,304029	0,03663	-184,379637668	-6,71983097305
102,5	-2,936273794	0,334554	0,032967	-169,323782769	-7,31734183903
103	-2,348912145	0,41514	0,03663	-135,474215027	-9,14565181094
103,5	-2,153303079	1,66422	0,014652	-124,197956783	-9,97600952621
104	-1,56594143	4,99023	0,023199	-90,3302005525	-13,7163428446
104,5	-1,370332364	4,98901	0,02442	-79,0489379812	-15,6738348628
105	-1,043782803	4,99023	0,032967	-60,214023032	-20,5766022201
105,5	-0,587361649	4,98901	0,030525	-33,8851575245	-36,5646817225
106	-0,260812088	4,98901	0,00732601	-15,0465781602	-82,3443035893
106,5	0	4,98901	0,017094	0	 
107	0,391752583	2,27839	0,041514	22,6006023478	54,8215477152
107,5	0,782970715	0,759463	0,034188	45,1693177516	27,4301242896
108	1,109520276	0,420024	0,034188	64,0058440575	19,3576073911
108,5	1,305129342	0,322344	0,01221	75,2883058842	16,4567390041
109	1,892490991	0,242979	0,019536	109,160716696	11,3502369488
109,5	2,153303079	0,228327	0,03663	124,197956783	9,97600952621
110	2,675461706	0,208791	0,04884	154,295204585	8,03006161686
110,5	2,936808245	0,186813	0,041514	169,35457554	7,31601136874
111	3,262823355	0,155067	0,025641	188,135318403	6,58568529564
111,5	3,784981982	0,142857	0,020757	218,202350528	5,6782156425
112	4,04579407	0,129426	0,037851	233,213848494	5,31272052669
112,5	4,437546653	0,105006	0,032967	255,752678336	4,84452404589
113	4,829299236	0,1221	0,0573871	278,279551874	4,45235732074
113,5	5,090111324	0,112332	0,029304	293,269830654	4,22477824343
114	5,677472973	0,0891331	0,020757	327,00594854	3,78892190045
114,5	5,873082039	0,0769231	0,017094	338,233635652	3,66314839626
115	6,1996316	0,0537241	0,015873	356,968275197	3,47089667651
115,5	6,721255776	0,0769231	0,034188	386,870333144	3,20262344732
116	6,982602315	0,0793651	0,029304	401,840097092	3,083315998
116,5	7,243414403	0,101343	0,042735	416,770913202	2,9728562161
117	7,504760942	0,108669	0,037851	431,723662588	2,86989133876
117,5	8,026385118	0,0512821	0,026862	461,540840837	2,68448616108
118	8,287731657	0,04884	0,037851	476,465750313	2,60039677393
118,5	8,809890284	0,0683761	0,046398	506,255049515	2,44738299635
119	9,135905394	0,0647131	0,032967	524,833140553	2,36075031141
119,5	9,33151446	0,0781441	0,046398	535,97187738	2,31168845287
120	9,918876109	0,0586081	0,021978	569,380459084	2,17604938883
120,5	10,180222648	0,04884	0,030525	584,226579299	2,1207525366
121	10,702381275	0,047619	0,032967	613,851748044	2,01840265821
121,5	10,963193363	0,0537241	0,035409	628,630232376	1,97095197811
122	11,224005451	0,0647131	0,040293	643,395690901	1,9257200779
122,5	11,746164078	0,0781441	0,046398	672,916494596	1,84123886091
123	12,072713639	0,04884	0,014652	691,350078518	1,79214559815
123,5	12,268322705	0,04884	0,037851	702,381410387	1,76399884974
124	12,855684354	0,014652	0,013431	735,455832786	1,68466948628
124,5	13,116496442	0,043956	0,040293	750,117627375	1,65174094673
125	13,377842981	0,043956	0,034188	764,793875467	1,6200443541
125,5	13,899467157	0,0610501	0,042735	794,038469144	1,56037780051
126	14,160813696	0,0549451	0,046398	808,666133919	1,5321526994
126,5	14,682972323	0,013431	0,014652	837,840857979	1,478801121
127	15,008987433	0,020757	0,014652	856,021264392	1,44739395099
127,5	15,204596499	0,047619	0,037851	866,916242714	1,42920381342
128	15,791958148	0,0622711	0,037851	899,569713613	1,3773251603
128,5	15,988101665	0,144078	0,042735	910,453125517	1,36086083432
129	16,314116775	0,258852	0,042735	928,519052029	1,33438295886
129,5	16,836275402	0,617827	0,017094	957,391273918	1,29414173051
130	17,09708749	1,2674	0,021978	971,782981229	1,27497602236
130,5	17,619246117	2,09158	0,018315	1000,53507618	1,23833739516
131	17,880592656	2,89621	0,040293	1014,89478299	1,22081620752
131,5	18,141404744	3,45788	0,042735	1029,20407343	1,20384288401
132	18,728766393	3,73016	0,018315	1061,35075315	1,16738033711
132,5	18,989578481	3,78388	0,019536	1075,58960669	1,15192634095
133	19,25092502	3,73993	0,00732601	1089,83528224	1,13686904819
133,5	19,773083647	3,63736	0,035409	1118,22929697	1,10800173395
134	20,033895735	3,5177	0,020757	1132,37714045	1,09415843516
134,5	20,359910845	3,30159	0,020757	1150,02891436	1,07736421627
135	20,882069472	3,0525	0,017094	1178,22287699	1,05158372341
135,5	21,078212989	2,88645	0,04884	1188,7884916	1,04223754584
136	21,404228099	3,0232	0,018315	1206,31898439	1,02709152059
136,5	21,926386726	3,76923	0,010989	1234,31490307	1,00379570636
137	22,187198814	4,50672	0,02442	1248,26028961	0,992581443397
137,5	22,644154419	4,72894	0,00732601	1272,63076107	0,973573826673
138	22,970169529	4,48718	0,021978	1289,96849382	0,960488574672
138,5	23,231516068	4,06716	0,023199	1303,83696972	0,950272180319
139	23,818877717	3,72894	0,042735	1334,90615792	0,92815513109
139,5	24,014486783	3,50672	0,032967	1345,22215212	0,921037464371
140	24,341036344	3,38339	0,040293	1362,40866612	0,909418760182
140,5	24,86266052	3,31136	0,03663	1389,77004632	0,891514393537
141	25,124007059	3,16728	0,013431	1403,43559822	0,882833527646
141,5	25,384819147	3,0293	0,00854701	1417,0440941	0,874355290114
142	25,906977774	2,94994	0,031746	1444,20045176	0,857914147924
142,5	26,167789862	2,84493	0,02442	1457,71995508	0,849957494021
143	26,429136401	2,67521	0,00854701	1471,23686387	0,842148555699
143,5	26,951295028	2,5873	0,02442	1498,15108498	0,827019392386
144	27,212107116	2,46276	0,026862	1511,54796467	0,819689503053
144,5	27,799468765	2,38217	0,046398	1541,60328056	0,80370872041
145	28,060280853	2,25519	0,037851	1554,89729068	0,79683719782
145,5	28,321627392	2,14896	0,00854701	1568,18622439	0,790084736575
146	28,843251568	2,00855	0,031746	1594,61191716	0,776991559306
146,5	29,104598107	1,94017	0,035409	1607,80227759	0,770617144452
147	29,365410195	1,84371	0,02442	1620,93231475	0,76437491481
147,5	29,887568822	1,75946	0,043956	1647,11808864	0,752222933221
148	30,214118383	1,65079	0,02442	1663,42485864	0,744848794081
148,5	30,409727449	1,56044	0,032967	1673,16706402	0,740511827327
149	30,997089098	1,46886	0,021978	1702,30264728	0,727837674445
149,5	31,257901186	1,39683	0,00854701	1715,18283911	0,722371966268
150	31,519247725	1,33822	0,029304	1728,05377508	0,716991576226
150,5	32,040871901	1,2735	0,029304	1753,63524605	0,706532332075
151	32,367421462	1,22466	0,039072	1769,57603326	0,700167710636
151,5	32,563030528	1,09402	0,040293	1779,09735624	0,696420572856
152	33,150392177	0,98779	0,00976801	1807,56227935	0,685453560386
152,5	33,411204265	0,943834	0,047619	1820,14112053	0,680716448865
153	33,672550804	0,93895	0,039072	1832,70790681	0,676048810287
153,5	34,194709431	0,892552	0,03663	1857,70132191	0,666953285432
154	34,455521519	0,846154	0,040293	1870,12758865	0,662521641583
154,5	34,78207108	0,810745	0,00854701	1885,63122295	0,657074397644
155	35,238492234	0,800977	0,025641	1907,19804153	0,649644123485
155,5	35,499838773	0,781441	0,028083	1919,49278895	0,645483018813
156	36,087200422	0,757021	0,00854701	1946,97841699	0,636370690702
156,5	36,34801251	0,746032	0,026862	1959,1177085	0,632427543596
157	36,608824598	0,716728	0,035409	1971,21640525	0,62854590531
157,5	36,870171137	0,728938	0,018315	1983,29892315	0,624716720982
158	37,392329764	0,716728	0,025641	2007,31541838	0,61724230714
158,5	37,653141852	0,71917	0,037851	2019,24906666	0,613594439862
159	37,91395394	0,73138	0,030525	2031,1408742	0,610002002193
159,5	38,501315589	0,720391	0,02442	2057,76731609	0,60210889264
160	38,762662128	0,774115	0,01221	2069,54539858	0,598682203758
160,5	39,284286304	0,766789	0,034188	2092,92441248	0,591994623701
161	39,545632843	0,777778	0,037851	2104,57276544	0,588718062091
161,5	39,806444931	0,744811	0,037851	2116,1536444	0,585496239026
162	40,328603558	0,747253	0,019536	2139,20712288	0,579186553161
162,5	40,589415646	0,744811	0,032967	2150,65564844	0,576103385448
163	40,850762185	0,71917	0,042735	2162,08293326	0,573058498794
163,5	41,372920812	0,708181	0,032967	2184,77917561	0,567105368741
164	41,698935922	0,698413	0,02442	2198,85791349	0,563474334744
164,5	41,894544988	0,667888	0,032967	2207,27101353	0,561326630218
165	42,481906637	0,673993	0,030525	2232,37830068	0,5550134579
165,5	42,743253176	0,680098	0,0610501	2243,47452692	0,552268361032
166	43,004065264	0,622711	0,019536	2254,50152713	0,549567159344
166,5	43,526223891	0,641026	0,040293	2276,4375099	0,544271474448
167	43,852239001	0,631258	0,03663	2290,03770759	0,541039126077
167,5	44,048382518	0,620269	0,013431	2298,18442713	0,539121223421
168	44,635744167	0,619048	0,046398	2322,41872578	0,533495526128
168,5	44,896556255	0,610501	0,032967	2333,10162689	0,531052735003
169	45,157368343	0,615385	0,034188	2343,73618394	0,528643116272
169,5	45,67952697	0,564103	0,043956	2364,88092787	0,523916441373
170	45,940873509	0,540904	0,023199	2375,39047556	0,521598454126
170,5	46,462497685	0,542125	0,018315	2396,2186093	0,517064676484
171	46,789047246	0,517705	0,025641	2409,1565581	0,514287872175
171,5	46,984656312	0,526252	0,041514	2416,86917084	0,512646698029
172	47,572017961	0,509158	0,030525	2439,85843385	0,507816348199
172,5	47,8333645	0,471306	0,010989	2450,00522276	0,505713207665
173	48,094176588	0,498168	0,046398	2460,08044332	0,50364206722
173,5	48,616335215	0,47619	0,047619	2480,0981351	0,499577005629
174	48,877147303	0,466422	0,031746	2490,01970254	0,49758642421
174,5	49,138493842	0,432234	0,02442	2499,90984667	0,49561787264
175	49,660118018	0,422466	0,02442	2519,49397371	0,491765415171
175,5	49,921464557	0,424908	0,0500611	2529,22768069	0,489872860976
176	50,247479667	0,399267	0,026862	2541,29614361	0,487546484149
176,5	50,769638294	0,411477	0,039072	2560,45388457	0,48389858043
177	51,030450382	0,349206	0,025641	2569,94341294	0,482111782602
177,5	51,291796921	0,322344	0,010989	2579,3989715	0,480344457639
178	51,813955548	0,350427	0,043956	2598,12983096	0,476881480377
178,5	52,074767636	0,362637	0,026862	2607,40496301	0,475185104568
179	52,596926263	0,377289	0,047619	2625,81168121	0,471854097102
179,5	52,922941373	0,345543	0,0549451	2637,19361342	0,469817609787
180	53,379896978	0,318681	0,019536	2653,00318552	0,467017908898
180,5	53,640709066	0,312576	0,043956	2661,95108111	0,465448072579
181	53,967258627	0,30525	0,037851	2673,07650056	0,463510864631
181,5	54,489417254	0,301587	0,0512821	2690,68567306	0,460477421204
182	54,750229342	0,258852	0,042735	2699,39765111	0,458991286256
182,5	55,076778903	0,253968	0,035409	2710,22659686	0,457157346709
183	55,533200057	0,224664	0,020757	2725,21471421	0,454643075842
183,5	55,794546596	0,229548	0,0512821	2733,71910206	0,453228716538
184	56,055358684	0,255189	0,039072	2742,14939537	0,451835338399
184,5	56,577517311	0,21978	0,034188	2758,8563321	0,449099137777
185	56,838329399	0,233211	0,021978	2767,11552904	0,447758681197
185,5	57,425691048	0,190476	0,025641	2785,50542462	0,444802580188
186	57,687037587	0,217338	0,017094	2793,59401939	0,443514695192
186,5	57,947849675	0,221001	0,03663	2801,60812798	0,442246004225
187	58,470008302	0,213675	0,034188	2817,47814866	0,439754963349
187,5	58,73082039	0,222222	0,017094	2825,31748823	0,43853478597
188	58,992166929	0,221001	0,032967	2833,11416862	0,437327945949
188,5	59,513791105	0,214896	0,023199	2848,49924669	0,434965886489
189	59,775137644	0,206349	0,02442	2856,11885118	0,433805476788
189,5	60,297296271	0,230769	0,046398	2871,16435236	0,43153224544
190	60,623311381	0,206349	0,030525	2880,43732313	0,430143016843
190,5	60,88465792	0,222222	0,026862	2887,80357073	0,429045802338
191	61,406282096	0,208791	0,023199	2902,32615065	0,426898954731
191,5	61,602425613	0,228327	0,041514	2907,72482821	0,426106345408
192	61,928440723	0,229548	0,043956	2916,62268557	0,424806405754
192,5	62,45059935	0,201465	0,015873	2930,6769855	0,422769212073
193	62,711411438	0,206349	0,035409	2937,60586372	0,421772033922
193,5	63,103164021	0,191697	0,026862	2947,898954	0,420299345172
194	63,560119626	0,206349	0,0500611	2959,73105779	0,418619116334
194,5	63,755728692	0,194139	0,047619	2964,73852967	0,417912064623
195	64,277887319	0,200244	0,023199	2977,93607415	0,416059972124
195,5	64,538699407	0,169719	0,015873	2984,43553877	0,415153882167
196	64,865248968	0,173382	0,041514	2992,48598748	0,414037026468
196,5	65,386873144	0,192918	0,041514	3005,14386718	0,412293073065
197	65,648219683	0,202686	0,0512821	3011,39218203	0,411437609288
197,5	66,17037831	0,161172	0,013431	3023,68826136	0,409764464093
198	66,431190398	0,15873	0,026862	3029,73602705	0,408946518422
198,5	66,692002486	0,17094	0,030525	3035,72101377	0,408140271909
199	67,2795779154	0,175824	0,037851	3048,97373071	0,406366243015
199,5	67,4753473167	0,197802	0,042735	3053,31814662	0,405788044515
200	67,9973990535	0,161172	0,026862	3064,72884787	0,404277200857
200,5	68,2584249219	0,147741	0,023199	3070,33884506	0,403538522139
201	68,5847072574	0,14652	0,030525	3077,26171525	0,40263068749
201,5	69,1067589942	0,130647	0,020757	3088,13064353	0,401213595867
202	69,3677848626	0,140415	0,034188	3093,46902288	0,400521224178
202,5	69,628810731	0,161172	0,032967	3098,74319751	0,399839522357
203	70,1508624678	0,159951	0,035409	3109,09849615	0,398507799458
203,5	70,4771448033	0,119658	0,023199	3115,43953744	0,397696692589
204	70,7381706717	0,150183	0,039072	3120,43963701	0,39705943525
204,5	71,2602224085	0,136752	0,0573871	3130,24544028	0,395815607318
205	71,5212482769	0,128205	0,032967	3135,05094047	0,395208889274
205,5	72,0433000137	0,124542	0,026862	3144,46663925	0,394025487354
206	72,3695823492	0,0891331	0,013431	3150,21893461	0,393305997367
206,5	72,5653517505	0,139194	0,045177	3153,62128676	0,392881670733
207	73,1526599544	0,115995	0,030525	3163,6072819	0,3916415312
207,5	73,4136858228	0,101343	0,035409	3167,93886564	0,391106032203
208	73,6747116912	0,0830281	0,015873	3172,20469905	0,390580090992
208,5	74,196763428	0,0647131	0,020757	3180,53876214	0,389556642022
209	74,4577892964	0,0671551	0,02442	3184,60681883	0,389059017481
209,5	74,9798410332	0,0964591	0,040293	3192,54456038	0,388091685665
210	75,2408669016	0,101343	0,0659341	3196,41408048	0,387621869008
210,5	75,5671492371	0,0708181	0,013431	3201,15767885	0,387047476039
211	76,0239445068	0,0598291	0,039072	3207,6242785	0,386267184815
211,5	76,2849703752	0,0891331	0,037851	3211,22796523	0,385833710162
212	76,8722785791	0,0818071	0,032967	3219,09246404	0,384891087734
212,5	77,1333044475	0,0854701	0,0549451	3222,47927592	0,384486568853
213	77,3943303159	0,0610501	0,020757	3225,7992055	0,384090862781
213,5	77,9163820527	0,0537241	0,025641	3232,23814352	0,383325715799
214	78,1774079211	0,040293	0,02442	3235,35701833	0,382956190918
214,5	78,6994596579	0,02442	0,013431	3241,39325586	0,382243036312
215	78,9604855263	0,040293	0,043956	3244,3104933	0,381899328858
215,5	79,2215113947	0,043956	0,037851	3247,16039534	0,381564151182
216	79,8088195986	0,0500611	0,045177	3253,32617573	0,380841001816
216,5	80,0045889999	0,021978	0,013431	3255,30550451	0,380609438433
217	80,3308713354	0,026862	0,014652	3258,51992002	0,380233980583
217,5	80,8529230722	0,029304	0,028083	3263,44314443	0,37966036029
218	81,1139489406	0,030525	0,0500611	3265,80318307	0,379385998037
218,5	81,6360006774	0,040293	0,023199	3270,31986831	0,378862022644
219	81,8970265458	0,019536	0,021978	3272,47642117	0,378612353625
219,5	82,1580524142	0,00732601	0,00732601	3274,56505404	0,378370861337
220	82,680104151	0,0500611	0,0622711	3278,53838783	0,377912305252
220,5	82,9411300194	0,041514	0,020757	3280,42300628	0,377695192855
221	83,2021558878	0,031746	0,043956	3282,2395398	0,377486159975
221,5	83,7242076246	0,045177	0,0500611	3285,66820271	0,377092245339
222	83,985233493	0,026862	0,013431	3287,28026092	0,376907322058
222,5	84,5072852298	0,041514	0,021978	3290,29966358	0,376561446276
223	84,8335675653	0,02442	0,02442	3292,04809205	0,376361452006
223,5	85,0945934337	0,0720391	0,039072	3293,36997054	0,376210389687
224	85,6166451705	0,0573871	0,04884	3295,80864059	0,375932020064
224,5	85,8776710389	0,046398	0,025641	3296,92538154	0,375804683641
225	86,1386969073	0,03663	0,034188	3297,97369507	0,37568522813
225,5	86,6607486441	0,0647131	0,037851	3299,86495424	0,375469910794
226	86,9217745125	0,0671551	0,041514	3300,70786063	0,375374026517
226,5	87,4438262493	0,020757	0,019536	3302,18813954	0,375205756802
227	87,7701085848	0,037851	0,00854701	3302,97410636	0,375116473851
227,5	87,9658779861	0,0598291	0,047619	3303,39427326	0,375068761857
228	88,55318619	0,0744811	0,047619	3304,42336073	0,374951955226
228,5	88,8142120584	0,0866911	0,040293	3304,76929138	0,374912706685
229	89,2710073281	0,0537241	0,023199	3305,20962126	0,374862759696
229,5	89,5972896636	0,0622711	0,00976801	3305,39552036	0,374841677
230	89,858315532	0,0744811	0,023199	3305,46706126	0,374833564224
230,5	90,4456237359	0,0915751	0,03663	3305,37719238	0,374843755459
231	90,6413931372	0,0915751	0,042735	3305,27005691	0,374855905469
231,5	90,9024190056	0,0830281	0,045177	3305,06718431	0,374878914983
232	91,4244707424	0,0537241	0,00976801	3304,45565553	0,374948290781
232,5	91,6854966108	0,0622711	0,037851	3304,04701203	0,374994664267
233	92,0117789463	0,0537241	0,037851	3303,43977487	0,375063595658
233,5	92,5338306831	0,0573871	0,034188	3302,24537657	0,375199253451
