Vernier Format 2
Bandlücke2-Si1.cmbl 26.09.2019 13:36:52 ,
Latest
Time	Potential	Pyro	Sample	Wellenlänge	Energie
t	Pot	Pot	Pot	Lambda	E
s	°	V	V	nm	eV

0	-75,5453614513	0,019536	0,0634921	-1599,46201571	-0,774635463569
0,5	-75,6105644733	0,014652	0,0695971	-1599,93017841	-0,774408794034
1	-75,5453614513	0,017094	0,0720391	-1599,46201571	-0,774635463569
1,5	-75,6105644733	0,020757	0,0671551	-1599,93017841	-0,774408794034
2	-75,5453614513	0,02442	0,0671551	-1599,46201571	-0,774635463569
2,5	-75,6105644733	0,028083	0,0671551	-1599,93017841	-0,774408794034
3	-75,2188118903	0,010989	0,0610501	-1597,08621264	-0,775787800429
3,5	-75,0232028243	0,010989	0,0647131	-1595,63821357	-0,776491807143
4	-74,7623907363	0,01221	0,0634921	-1593,67862084	-0,777446584149
4,5	-74,5010441973	0,020757	0,0659341	-1591,68188848	-0,778421874977
5	-74,1750290873	0,014652	0,0647131	-1589,14466006	-0,77966470337
5,5	-73,7180734823	0,014652	0,0647131	-1585,50180198	-0,78145606549
6	-73,4572613943	0,023199	0,0622711	-1583,37738183	-0,782504546434
6,5	-72,9351027673	0,015873	0,0586081	-1579,02563773	-0,784661103908
7	-72,6085532063	0,025641	0,0586081	-1576,23745115	-0,786049081052
7,5	-72,1521320523	0,021978	0,0573871	-1572,25460511	-0,788040305923
8	-71,8255824913	0,028083	0,0549451	-1569,34380979	-0,789501951242
8,5	-71,3686268863	0,019536	0,0537241	-1565,18504629	-0,791599691639
9	-70,9774087543	0,019536	0,0586081	-1561,54544798	-0,79344472593
9,5	-70,6508591933	0,029304	0,0586081	-1558,45172439	-0,795019813968
10	-70,1944380393	0,034188	0,0598291	-1554,04279687	-0,797275340481
10,5	-69,9982945223	0,028083	0,0659341	-1552,11778144	-0,79826416192
11	-69,6722794123	0,032967	0,0598291	-1548,87793272	-0,799933922375
11,5	-69,2153238073	0,03663	0,0537241	-1544,25245376	-0,802329953875
12	-68,8893086973	0,035409	0,0598291	-1540,89234934	-0,804079532573
12,5	-68,3671500703	0,045177	0,0586081	-1535,40677984	-0,806952278879
13	-68,1058035313	0,032967	0,0573871	-1532,61327337	-0,808423117254
13,5	-67,8449914433	0,0598291	0,0586081	-1529,79368982	-0,809913132891
14	-67,3228328163	0,0549451	0,0647131	-1524,05354546	-0,81296356266
14,5	-67,0620207283	0,0598291	0,0610501	-1521,13897888	-0,814521235209
15	-66,4746590793	0,0610501	0,0598291	-1514,45990437	-0,81811343861
15,5	-66,2790500133	0,0610501	0,0573871	-1512,20020936	-0,819335953224
16	-65,9525004523	0,0525031	0,0598291	-1508,38861797	-0,821406357248
16,5	-65,4955448473	0,0598291	0,0586081	-1502,97266013	-0,824366292793
17	-65,1043267153	0,0671551	0,0549451	-1498,25986813	-0,826959345542
17,5	-64,6473711103	0,0695971	0,0573871	-1492,66674419	-0,830058018525
18	-64,3213560003	0,0757021	0,0634921	-1488,61827513	-0,832315457022
18,5	-63,8644003953	0,0683761	0,0622711	-1482,86269174	-0,835546006317
19	-63,5378508343	0,0757021	0,0586081	-1478,69183094	-0,837902782769
19,5	-63,3422417683	0,0818071	0,0622711	-1476,17039805	-0,839333996694
20	-62,7548801193	0,0891331	0,0634921	-1468,49593121	-0,843720417379
20,5	-62,4940680313	0,0842491	0,0659341	-1465,03863484	-0,845711485374
21	-62,2327214923	0,0952381	0,0622711	-1461,54380354	-0,84773374359
21,5	-61,7110973163	0,0952381	0,0622711	-1454,47759181	-0,851852243706
22	-61,3845477553	0,0976801	0,0598291	-1449,99257512	-0,854487134112
22,5	-61,1889386893	0,0989011	0,0549451	-1447,28340302	-0,856086649935
23	-60,6015770403	0,0879121	0,0573871	-1439,04723772	-0,860986330069
23,5	-60,4059679743	0,0976801	0,0549451	-1436,2707358	-0,862650730892
24	-59,8186063253	0,112332	0,0573871	-1427,83317161	-0,867748434926
24,5	-59,5572597863	0,105006	0,0610501	-1424,03058824	-0,870065580213
25	-59,2964476983	0,0952381	0,0610501	-1420,20624358	-0,872408500948
25,5	-58,7742890713	0,105006	0,0634921	-1412,4613628	-0,877192136102
26	-58,4482739613	0,117216	0,0598291	-1407,56623874	-0,880242766486
26,5	-57,9913183563	0,113553	0,0622711	-1400,62837332	-0,8846029565
27	-57,6647687953	0,114774	0,0598291	-1395,61583046	-0,887780127568
27,5	-57,2083476413	0,114774	0,0561661	-1388,5338295	-0,892308112107
28	-56,8165950583	0,126984	0,0500611	-1382,38496224	-0,896277110824
28,5	-56,6209859923	0,128205	0,0500611	-1379,29051424	-0,898287914841
29	-56,0336243433	0,1221	0,0525031	-1369,90224911	-0,904444095048
29,5	-55,8380152773	0,133089	0,04884	-1366,74367033	-0,906534287953
30	-55,5766687383	0,130647	0,043956	-1362,49874838	-0,909358633524
30,5	-55,0545101113	0,119658	0,046398	-1353,93277449	-0,915111904623
31	-54,7284950013	0,1221	0,0500611	-1348,52745317	-0,918779960387
31,5	-54,5328859353	0,120879	0,0512821	-1345,26329206	-0,921009297815
32	-53,9455242863	0,115995	0,0500611	-1335,36781524	-0,9278342535
32,5	-53,7493807693	0,123321	0,0525031	-1332,03201209	-0,930157825603
33	-53,1620191203	0,123321	0,0549451	-1321,94957227	-0,93725209039
33,5	-52,9012070323	0,140415	0,046398	-1317,42796203	-0,940468880053
34	-52,6403949443	0,125763	0,04884	-1312,87905345	-0,943727449035
34,5	-52,1182363173	0,136752	0,046398	-1303,69025824	-0,950379119708
35	-51,7916867563	0,144078	0,046398	-1297,88865499	-0,95462734437
35,5	-51,3352656023	0,148962	0,0500611	-1289,70910241	-0,960681751945
36	-51,0087160413	0,163614	0,04884	-1283,80673279	-0,96509853731
36,5	-50,8131069753	0,156288	0,047619	-1280,25112311	-0,96777888153
37	-50,2257453263	0,172161	0,046398	-1269,4850716	-0,97598627012
37,5	-50,0301362603	0,179487	0,047619	-1265,86998389	-0,978773504209
38	-49,5731806553	0,162393	0,043956	-1257,36748291	-0,985392112361
38,5	-49,1814280723	0,173382	0,046398	-1250,01451074	-0,991188493697
39	-48,9206159843	0,163614	0,046398	-1245,08679219	-0,995111351088
39,5	-48,4636603793	0,169719	0,047619	-1236,39105023	-1,00211013317
40	-48,0724422473	0,175824	0,047619	-1228,88376754	-1,00823204987
40,5	-47,8762987303	0,180708	0,04884	-1225,09828513	-1,01134742823
41	-47,2889370813	0,186813	0,046398	-1213,67677425	-1,02086488453
41,5	-47,0281249933	0,192918	0,0525031	-1208,56420251	-1,02518343455
42	-46,5059663663	0,194139	0,04884	-1198,2534332	-1,03400496562
42,5	-46,3103573003	0,191697	0,0512821	-1194,36518226	-1,03737116453
43	-45,9838077393	0,188034	0,045177	-1187,84314506	-1,04306701197
43,5	-45,4621835633	0,189255	0,04884	-1177,34500915	-1,05236781943
44	-45,1356340023	0,184371	0,045177	-1170,72319635	-1,05832019376
44,5	-44,6786783973	0,19536	0,043956	-1161,39320169	-1,06682215653
45	-44,3526632873	0,194139	0,0512821	-1154,6915266	-1,07301384955
45,5	-44,1570542213	0,199023	0,0561661	-1150,65256292	-1,07678028967
46	-43,5696925723	0,214896	0,0500611	-1138,44422894	-1,08832735808
46,5	-43,3735490553	0,206349	0,0525031	-1134,34066773	-1,09226446274
47	-43,0475339453	0,210012	0,0573871	-1127,49064735	-1,09890046797
47,5	-42,5253753183	0,222222	0,0610501	-1116,44342399	-1,10977410353
48	-42,2645632303	0,224664	0,0720391	-1110,89068418	-1,11532126216
48,5	-41,7424046033	0,20757	0,0805861	-1099,70476789	-1,12666602544
49	-41,4815925153	0,21978	0,0940171	-1094,08327249	-1,13245493387
49,5	-41,1550429543	0,208791	0,100122	-1087,01293598	-1,13982084204
50	-40,6328843273	0,206349	0,119658	-1075,63406623	-1,151878728
50,5	-40,4372752613	0,214896	0,124542	-1071,34830498	-1,1564866386
51	-40,1107257003	0,217338	0,141636	-1064,16586158	-1,16429218859
51,5	-39,5891015243	0,210012	0,152625	-1052,62114799	-1,17706166399
52	-39,3277549853	0,202686	0,168498	-1046,80409625	-1,18360255222
52,5	-38,8055963583	0,192918	0,190476	-1035,11678167	-1,19696639253
53	-38,5447842703	0,189255	0,203907	-1029,24684998	-1,20379285107
53,5	-38,2839721823	0,184371	0,222222	-1023,35559134	-1,21072285185
54	-37,6966105333	0,156288	0,245421	-1010,01072449	-1,22671964758
54,5	-37,5004670163	0,145299	0,275946	-1005,53062989	-1,23218523949
55	-37,2396549283	0,129426	0,304029	-999,555203363	-1,23955134827
55,5	-36,7174963013	0,0903541	0,332112	-987,529988991	-1,25464544248
56	-36,3914811913	0,0622711	0,365079	-979,980268458	-1,26431117021
56,5	-35,9345255863	0,047619	0,373626	-969,344936041	-1,27818277471
57	-35,6085104763	0,017094	0,389499	-961,719429022	-1,28831753067
57,5	-35,1515548713	0,00732601	0,399267	-950,978866926	-1,30286806899
58	-34,8250053103	0,00854701	0,396825	-943,266349535	-1,31352083175
58,5	-34,5641932223	0,00610501	0,394383	-937,084413196	-1,32218611531
59	-34,0420345953	0,00732601	0,388278	-924,649650279	-1,3399669806
59,5	-33,7812225073	0,00610501	0,379731	-918,409808899	-1,34907095721
60	-33,2590638803	0,00854701	0,363858	-905,860281287	-1,36776059796
60,5	-32,9982517923	0,00854701	0,344322	-899,563700099	-1,37733436761
61	-32,6717022313	0,00732601	0,333333	-891,653807168	-1,38955275023
61,5	-32,2147466263	0,00732601	0,316239	-880,536570663	-1,40709658324
62	-31,8887315163	0,00732601	0,296703	-872,570699962	-1,41994224658
62,5	-31,6931224503	0,00732601	0,28083	-867,777600648	-1,4277851826
63	-31,1057608013	0,00610501	0,266178	-853,324648281	-1,45196790283
63,5	-30,9096172843	0,00854701	0,249084	-848,478181419	-1,46026147417
64	-30,3222556353	0,00610501	0,240537	-833,905946538	-1,48577906794
64,5	-30,0614435473	0,00732601	0,227106	-827,407103116	-1,49744907354
65	-29,8006314593	0,00610501	0,227106	-820,891115043	-1,50933537627
65,5	-29,2784728323	0,00610501	0,212454	-807,794806263	-1,53380535551
66	-28,9519232713	0,00732601	0,20757	-799,570419173	-1,54958208844
66,5	-28,6911111833	0,00610501	0,201465	-792,983009236	-1,56245466242
67	-28,1689525563	0,00732601	0,194139	-779,745449657	-1,5889800967
67,5	-27,9733434903	0,00732601	0,18315	-774,769712285	-1,59918486791
68	-27,3859818413	0,00610501	0,18315	-759,77486992	-1,63074622372
68,5	-27,1251697533	0,00732601	0,179487	-753,090866909	-1,64521979278
69	-26,8638232143	0,00610501	0,174603	-746,377514518	-1,6600178541
69,5	-26,3416645873	0,00610501	0,177045	-732,918170037	-1,69050250172
70	-26,0808524993	0,00732601	0,177045	-726,172520285	-1,70620612236
70,5	-25,5586938723	0,00610501	0,173382	-712,622320298	-1,73864888133
71	-25,2978817843	0,00610501	0,173382	-705,831920076	-1,75537541553
71,5	-24,9713322233	0,00732601	0,177045	-697,309402152	-1,77682961993
72	-24,4491735963	0,00610501	0,173382	-683,634791407	-1,81237118938
72,5	-24,2535645303	0,00732601	0,161172	-678,497380929	-1,82609400541
73	-23,9275494203	0,00732601	0,155067	-669,917485854	-1,84948150506
73,5	-23,4053907933	0,00610501	0,135531	-656,130515722	-1,88834381318
74	-23,1440442543	0,00732601	0,103785	-649,20944006	-1,90847502138
74,5	-22,6224200783	0,00610501	0,0793651	-635,355354742	-1,95008980526
75	-22,2958705173	0,00610501	0,0622711	-626,655481303	-1,97716294992
75,5	-21,8389149123	0,00610501	0,0525031	-614,447245431	-2,01644650409
76	-21,5128998023	0,00854701	0,0525031	-605,713341966	-2,045522055
76,5	-21,3172907363	0,00610501	0,0537241	-600,463568561	-2,06340578325
77	-20,7299290873	0,00732601	0,0537241	-584,658091288	-2,11918729675
77,5	-20,5337855703	0,00732601	0,0537241	-579,366243937	-2,13854364656
78	-20,2077704603	0,00610501	0,0525031	-570,555539023	-2,17156773576
78,5	-19,6856118333	0,00854701	0,0500611	-556,405600264	-2,22679282777
79	-19,4247997453	0,00854701	0,047619	-549,320493242	-2,25551388532
79,5	-18,9026411183	0,00610501	0,046398	-535,101702491	-2,31544768823
80	-18,6412945793	0,00732601	0,0537241	-527,9682679	-2,34673194457
80,5	-18,3804824913	0,00732601	0,0537241	-520,838469802	-2,37885653967
81	-17,7931208423	0,00610501	0,0500611	-504,74251994	-2,45471691219
81,5	-17,5975117763	0,00732601	0,0561661	-499,370227646	-2,48112508798
82	-17,0101501273	0,00854701	0,0610501	-483,203945669	-2,56413469117
82,5	-16,7493380393	0,00610501	0,0561661	-476,009087737	-2,60289148237
83	-16,4879915003	0,00732601	0,0537241	-468,789592653	-2,64297676275
83,5	-15,9658328733	0,00610501	0,0561661	-454,336305137	-2,72705479618
84	-15,7050207853	0,00732601	0,0561661	-447,102852042	-2,77117444978
84,5	-15,1828621583	0,00732601	0,0561661	-432,59343319	-2,86412114688
85	-14,8568470483	0,00732601	0,0549451	-423,516032651	-2,92550908226
85,5	-14,6607035313	0,00610501	0,0525031	-418,048086046	-2,96377388477
86	-14,0738763333	0,00610501	0,0586081	-401,659942267	-3,0846989446
86,5	-13,8125297943	0,00854701	0,0598291	-394,347734238	-3,14189709342
87	-13,4865146843	0,00732601	0,0622711	-385,214682253	-3,21638830782
87,5	-13,0295590793	0,00732601	0,0647131	-372,392512348	-3,32713456612
88	-12,7687469913	0,00732601	0,0634921	-365,063457471	-3,39393049248
88,5	-12,2465883643	0,00854701	0,0500611	-350,367749615	-3,53628437937
89	-11,9200388033	0,00732601	0,0537241	-341,162424522	-3,63170123948
89,5	-11,7244297373	0,00610501	0,0561661	-335,642942578	-3,69142276755
90	-11,2022711103	0,00610501	0,0598291	-320,890259302	-3,86113309483
90,5	-10,9414590223	0,00610501	0,0549451	-313,511410534	-3,95200926782
91	-10,3540973733	0,00610501	0,0573871	-296,870325565	-4,17353939852
91,5	-10,1579538563	0,00732601	0,0622711	-291,306167284	-4,25325701667
92	-9,57112665833	0,00854701	0,0610501	-274,639048857	-4,51137595021
92,5	-9,30978011933	0,00854701	0,0549451	-267,206884752	-4,63685657332
93	-8,78762149233	0,00854701	0,0561661	-252,341259347	-4,91001750252
93,5	-8,52680940433	0,00854701	0,0586081	-244,90812879	-5,05903991885
94	-8,20025984333	0,00976801	0,0586081	-235,594347481	-5,25903958754
94,5	-7,74383868933	0,010989	0,0549451	-222,563638509	-5,56694709118
95	-7,41728912833	0,00854701	0,0537241	-213,232015587	-5,8105720972
95,5	-7,02607099633	0,00976801	0,0622711	-202,043302024	-6,13234879646
96	-6,63431841333	0,00854701	0,0634921	-190,829864595	-6,49269443559
96,5	-6,43870934733	0,00854701	0,0659341	-185,227422752	-6,68907433679
97	-5,85134769833	0,00732601	0,0671551	-168,392077898	-7,35782832225
97,5	-5,65573863233	0,01221	0,0622711	-162,781387126	-7,61143532364
98	-5,32918907133	0,00732601	0,0634921	-153,410711135	-8,0763591462
98,5	-4,80703044433	0,013431	0,0659341	-138,416603114	-8,95123830617
99	-4,54621835633	0,00854701	0,0610501	-130,922839706	-9,46358941485
99,5	-4,02405972933	0,01221	0,0610501	-115,9119603	-10,6891471492
100	-3,69804461933	0,019536	0,0659341	-106,534802422	-11,6300023263
100,5	-3,24108901433	0,00976801	0,0708181	-93,3856720035	-13,267559931
101	-2,91453945333	0,025641	0,0708181	-83,9853541061	-14,7525721977
101,5	-2,71893038733	0,028083	0,0732601	-78,3530683716	-15,8130373928
102	-2,13156873833	0,025641	0,0781441	-61,4355976101	-20,1674606938
102,5	-1,87075665033	0,029304	0,0744811	-53,9213876998	-22,9778952815
103	-1,28339500133	0,042735	0,0781441	-36,9951639913	-33,4908638408
103,5	-1,08778593533	0,0525031	0,0805861	-31,3572724737	-39,5123651472
104	-0,500424286333	0,0586081	0,0915751	-14,4262610843	-85,8850392879
104,5	-0,239077747333	0,0830281	0,0964591	-6,89221514356	-179,768038895
105	0,283080879667	0,0989011	0,107448	8,16074298642	151,824411339
105,5	0,543892967667	0,144078	0,123321	15,6793426784	79,0211697911
106	0,804705055667	0,21978	0,155067	23,1976174796	53,4106574129
106,5	1,32686368267	0,401709	0,240537	38,2479725287	32,3938739255
107	1,58821022167	1,79487	1,02564	45,7797376675	27,0643752701
107,5	2,10983439767	4,98657	4,22833	60,8094599253	20,375119291
108	2,43638395867	4,98901	4,98779	70,2159494294	17,6455635802
108,5	2,63199302467	4,98657	4,98901	75,8495332237	16,3349719812
109	3,21935467367	4,98901	4,22344	92,7601006772	13,3570359557
109,5	3,41496373967	3,87179	0,969475	98,3897512923	12,5927749966
110	4,00232538867	0,854701	0,300366	115,286929838	10,7470985804
110,5	4,26367192767	0,252747	0,130647	122,801539513	10,0894500583
111	4,72009308167	0,113553	0,0903541	135,918992991	9,1157238053
111,5	4,98143962067	0,0866911	0,0793651	143,426210759	8,63858839639
112	5,30745473067	0,0610501	0,0732601	152,786841609	8,10933708002
112,5	5,82961335767	0,042735	0,0769231	167,76876354	7,38516499651
113	6,15616291867	0,0573871	0,0793651	177,131212405	6,9948146528
113,5	6,67778709467	0,040293	0,0781441	192,074551915	6,45062028077
114	6,93913363367	0,041514	0,0793651	199,555623644	6,20879520895
114,5	7,13474269967	0,03663	0,0720391	205,152245183	6,0394172089
115	7,72210434867	0,030525	0,0708181	221,942769723	5,58252022152
115,5	7,91771341467	0,032967	0,0671551	227,52942836	5,44544944771
116	8,50507506367	0,02442	0,0610501	244,288470051	5,07187260922
116,5	8,76642160267	0,01221	0,0671551	251,737256787	4,92179829007
117	9,02723369067	0,013431	0,0659341	259,165589358	4,78072726811
117,5	9,54939231767	0,018315	0,0695971	274,02118412	4,52154822984
118	9,81020440567	0,010989	0,0695971	281,43293312	4,40246983985
118,5	10,0715509447	0,00976801	0,0610501	288,854020532	4,28936387217
119	10,6583781427	0,00854701	0,0573871	305,495190109	4,05571033559
119,5	10,8545216597	0,00732601	0,0634921	311,050343113	3,98327803661
120	11,3766802867	0,00854701	0,0586081	325,82091194	3,80270251109
120,5	11,6374923747	0,00732601	0,0549451	333,18857993	3,71861484646
121	12,2900570457	0,00610501	0,0598291	351,59226569	3,52396830336
121,5	12,4856661117	0,00610501	0,0573871	357,100073522	3,46961563961
122	12,7470126507	0,00610501	0,0610501	364,452359351	3,39962128989
122,5	13,2686368267	0,00854701	0,0598291	379,104037781	3,26823213821
123	13,5951863877	0,00732601	0,0610501	388,26043329	3,19115700125
123,5	14,0521419927	0,00732601	0,0610501	401,052154215	3,08937375595
124	14,3781571027	0,00732601	0,0561661	410,162866519	3,02075127014
124,5	14,7047066637	0,00854701	0,0500611	419,275201972	2,9550996438
125	15,1611278177	0,00610501	0,0500611	431,988705642	2,86813054096
125,5	15,4224743567	0,00732601	0,0549451	439,256161284	2,82067756632
126	15,6832864447	0,00610501	0,0586081	446,499644031	2,77491822572
126,5	16,2054450717	0,00854701	0,0573871	460,973499172	2,68779008387
127	16,4662571597	0,00732601	0,0525031	468,188757012	2,64636854569
127,5	16,9884157867	0,00732601	0,0525031	482,604754539	2,56731826271
128	17,3149653477	0,00610501	0,0537241	491,599990709	2,52034178888
128,5	17,5757774357	0,00854701	0,0586081	498,772945848	2,48409624121
129	18,0979360627	0,00610501	0,04884	513,102347732	2,41472292122
129,5	18,3587481507	0,00610501	0,0537241	520,243830771	2,38157557421
130	18,9461097997	0,00732601	0,0537241	536,287101078	2,31032966765
130,5	19,1417188657	0,00732601	0,0537241	541,61756499	2,28759198388
131	19,4682684267	0,00610501	0,0537241	550,502138827	2,2506724545
131,5	19,9904270537	0,00732601	0,0525031	564,671455583	2,19419626714
132	20,2512391417	0,00610501	0,0537241	571,731373214	2,16710164607
132,5	20,7081947467	0,00732601	0,0573871	584,072046805	2,12131364063
133	21,0994128787	0,00610501	0,0512821	594,607906878	2,08372607506
133,5	21,2955563957	0,00732601	0,0512821	599,879827265	2,06541367735
134	21,5563684837	0,00732601	0,0525031	606,879001678	2,04159312907
134,5	22,1437301327	0,00732601	0,0512821	622,595216845	1,99005704907
135	22,4045422207	0,00610501	0,0500611	629,552966682	1,96806315842
135,5	22,9267008477	0,00610501	0,043956	643,443377958	1,92557735839
136	23,1880473867	0,00610501	0,0512821	650,375696876	1,90505273483
136,5	23,4488594747	0,00732601	0,0512821	657,280349168	1,88504038127
137	23,9710181017	0,00610501	0,0500611	671,062731108	1,84632515347
137,5	24,2318301897	0,00732601	0,0525031	677,926068283	1,82763292041
138	24,8191918387	0,00732601	0,0537241	693,330984772	1,78702528405
138,5	25,0805383777	0,00610501	0,0512821	700,162074987	1,76959027668
139	25,3413504657	0,00610501	0,04884	706,96467291	1,75256281888
139,5	25,8635090927	0,00610501	0,046398	720,539645332	1,71954452198
140	26,1243211807	0,00610501	0,0500611	727,297843951	1,70356616661
140,5	26,6464798077	0,00732601	0,047619	740,782661589	1,67255534483
141	26,9072918957	0,00488401	0,0500611	747,495198874	1,65753572982
141,5	27,1686384347	0,00732601	0,0573871	754,205954818	1,64278734752
142	27,7560000837	0,00732601	0,0744811	769,230526567	1,61070050812
142,5	27,9516091497	0,00610501	0,100122	774,216294085	1,60032798259
143	28,2776242597	0,00610501	0,139194	782,50582484	1,58337479501
143,5	28,7345798647	0,00732601	0,17094	794,082055649	1,56029215266
144	29,0611294257	0,00854701	0,191697	802,323758975	1,54426437724
144,5	29,2567384917	0,00610501	0,200244	807,248223308	1,53484388596
145	29,8441001407	0,00732601	0,200244	821,97829793	1,50733906615
145,5	30,1049122287	0,00610501	0,203907	828,491437929	1,49548920276
146	30,5618678337	0,00488401	0,205128	839,861310591	1,47524357221
146,5	30,8878829437	0,00488401	0,20757	847,940539394	1,46118736213
147	31,2144325047	0,00610501	0,208791	856,005491854	1,4474206203
147,5	31,7365911317	0,00854701	0,210012	868,843609883	1,42603339186
148	31,9974032197	0,00610501	0,213675	875,229141921	1,41562927999
148,5	32,3891558027	0,00610501	0,212454	884,786405023	1,40033797193
149	32,7803739347	0,00732601	0,222222	894,289351072	1,38545762455
149,5	33,0417204737	0,00610501	0,21978	900,614428256	1,37572746019
150	33,5638791007	0,00732601	0,224664	913,195398539	1,35677424786
150,5	33,8246911887	0,00488401	0,222222	919,451107509	1,34754310467
151	34,1512407497	0,00732601	0,234432	927,256687399	1,33619958404
151,5	34,6076619037	0,00610501	0,238095	938,116087805	1,32073206728
152	34,9342114647	0,00610501	0,249084	945,84902625	1,30993421319
152,5	35,1298205307	0,00732601	0,262515	950,466497429	1,30357040816
153	35,7171821797	0,00610501	0,271062	964,26473658	1,28491684182
153,5	35,9779942677	0,00610501	0,286935	970,359304457	1,27684662198
154	36,5653559167	0,00610501	0,291819	984,010750053	1,25913258563
154,5	36,8267024557	0,00610501	0,310134	990,051802412	1,25144966857
155	37,0223115217	0,00732601	0,328449	994,559854539	1,24577720923
155,5	37,6096731707	0,00610501	0,343101	1008,02645421	1,22913440894
156	37,8704852587	0,00732601	0,360195	1013,97228436	1,22192689003
156,5	38,3926438857	0,00610501	0,368742	1025,81286644	1,20782263563
157	38,6534559737	0,00732601	0,389499	1031,69525366	1,20093602796
157,5	39,1756146007	0,00732601	0,404151	1043,40771763	1,18745527665
158	39,4369611397	0,00732601	0,426129	1049,23746299	1,18085756914
158,5	39,7629762497	0,00732601	0,426129	1056,47912711	1,1727633497
159	40,2851348767	0,00732601	0,429792	1068,00629948	1,1601055168
159,5	40,5459469647	0,00732601	0,423687	1073,73082828	1,15392048674
160	41,0681055917	0,01221	0,426129	1085,12463772	1,14180432085
160,5	41,3294521307	0,023199	0,411477	1090,79359002	1,13587026119
161	41,6554672407	0,046398	0,37851	1097,83346223	1,12858647749
161,5	42,1124228457	0,0866911	0,349206	1107,64094839	1,11859353142
162	42,4384379557	0,102564	0,319902	1114,59507546	1,11161445737
162,5	42,8953935607	0,124542	0,294261	1124,2814651	1,10203720194
163	43,1562056487	0,142857	0,264957	1129,77805447	1,09667557721
163,5	43,4175521877	0,152625	0,236874	1135,26242518	1,09137761676
164	44,0049138367	0,169719	0,216117	1147,50187217	1,07973680048
164,5	44,2657259247	0,173382	0,197802	1152,89809039	1,07468301867
165	44,5922754857	0,194139	0,184371	1159,62072798	1,06845278814
165,5	45,0486966397	0,197802	0,161172	1168,95385093	1,05992208248
166	45,3100431787	0,192918	0,145299	1174,26463256	1,05512843157
166,5	45,8316673547	0,199023	0,128205	1184,7913202	1,04575377864
167	46,1582169157	0,205128	0,120879	1191,33136039	1,04001291429
167,5	46,3538259817	0,203907	0,103785	1195,23044267	1,03662018282
168	46,9411876307	0,199023	0,100122	1206,85444166	1,02663582055
168,5	47,2025341697	0,194139	0,0854701	1211,98584069	1,02228917072
169	47,7893613677	0,19536	0,0720391	1223,41583806	1,01273823786
169,5	47,9855048847	0,201465	0,0622711	1227,20768959	1,00960905844
170	48,3115199947	0,194139	0,0537241	1233,47838177	1,00447646129
170,5	48,7684755997	0,19536	0,0512821	1242,20036884	0,99742362913
171	49,0944907097	0,199023	0,045177	1248,3748108	0,992490387727
171,5	49,6166493367	0,179487	0,045177	1258,17974845	0,984755955202
172	49,8779958757	0,180708	0,047619	1263,04804627	0,980960307616
172,5	50,1388079637	0,180708	0,04884	1267,88019018	0,977221672519
173	50,6609665907	0,180708	0,04884	1277,47533033	0,969881742982
173,5	50,9217786787	0,168498	0,047619	1282,2283067	0,966286575898
174	51,1831252177	0,172161	0,04884	1286,96437201	0,962730613955
174,5	51,7047493937	0,181929	0,043956	1296,33697899	0,955770004312
175	52,0312989547	0,17094	0,041514	1302,14982468	0,951503411142
175,5	52,3573140647	0,169719	0,040293	1307,91096329	0,947312190799
176	52,8794726917	0,17094	0,043956	1317,04992766	0,940738823925
176,5	53,0756162087	0,162393	0,046398	1320,454664	0,938313168771
177	53,5972403847	0,152625	0,046398	1329,43381582	0,931975691647
177,5	53,8585869237	0,153846	0,047619	1333,89120446	0,928861361303
178	54,1846020337	0,156288	0,0500611	1339,41263202	0,925032339086
178,5	54,6415576387	0,151404	0,042735	1347,07865311	0,919768119804
179	54,9675727487	0,15873	0,041514	1352,49563441	0,916084287797
179,5	55,1637162657	0,155067	0,041514	1355,73361692	0,913896346996
180	55,7510779147	0,142857	0,042735	1365,33474197	0,90746976687
180,5	56,0118900027	0,140415	0,046398	1369,55208373	0,904675342193
181	56,5340486297	0,137973	0,0500611	1377,91004156	0,899187873396
181,5	56,7948607177	0,137973	0,0512821	1382,0419297	0,896499573113
182	57,0562072567	0,136752	0,0500611	1386,15355948	0,893840362441
182,5	57,5778314327	0,125763	0,042735	1394,27369217	0,88863471136
183	57,9043809937	0,115995	0,039072	1399,29832011	0,885443784358
183,5	58,3613365987	0,113553	0,042735	1406,25316914	0,881064681087
184	58,6873517087	0,1221	0,039072	1411,16046129	0,878000790119
184,5	58,9486982477	0,10989	0,041514	1415,06135425	0,875580409483
185	59,4703224237	0,113553	0,0500611	1422,75908137	0,870843149921
185,5	59,7316689627	0,107448	0,041514	1426,57152946	0,868515860871
186	60,3190306117	0,10989	0,04884	1435,03135953	0,863395766075
186,5	60,5146396777	0,105006	0,042735	1437,81530567	0,861724030278
187	60,8406547877	0,106227	0,042735	1442,41795885	0,858974330149
187,5	61,3628134147	0,111111	0,043956	1449,69239001	0,854664071175
188	61,6241599537	0,113553	0,042735	1453,28815356	0,852549438985
188,5	62,1457841297	0,10989	0,046398	1460,37449823	0,848412514394
189	62,4071306687	0,103785	0,04884	1463,87945317	0,846381167057
189,5	62,6679427567	0,106227	0,047619	1467,34687652	0,844381120665
190	63,1901013837	0,0964591	0,04884	1474,19738688	0,840457330225
190,5	63,4509134717	0,100122	0,0512821	1477,57332013	0,83853706826
191	63,7122600107	0,108669	0,047619	1480,92546035	0,836639002552
191,5	64,2996216597	0,103785	0,043956	1488,3466621	0,832467348872
192	64,5604337477	0,0940171	0,043956	1491,59187239	0,830656175417
192,5	65,0825923747	0,100122	0,046398	1497,99599618	0,827105014404
193	65,3434044627	0,0891331	0,040293	1501,14822208	0,825368196009
193,5	65,6047510017	0,0879121	0,046398	1504,27570654	0,82365220326
194	66,1269096287	0,0879121	0,04884	1510,4304819	0,820295945325
194,5	66,3877217167	0,0781441	0,04884	1513,45777315	0,818655149802
195	66,9098803437	0,0757021	0,0549451	1519,42425529	0,815440451002
195,5	67,2358954537	0,0732601	0,047619	1523,08552916	0,813480251946
196	67,4972419927	0,0842491	0,043956	1525,9849461	0,81193461519
196,5	68,0188661687	0,0732601	0,047619	1531,67693789	0,808917317582
197	68,2802127077	0,0744811	0,046398	1534,48105827	0,807439096966
197,5	68,8023713347	0,0683761	0,045177	1539,98789133	0,804551780554
198	69,0631834227	0,0659341	0,04884	1542,69062035	0,803142239707
198,5	69,3239955107	0,0610501	0,042735	1545,36138337	0,801754213179
199	69,8461541377	0,0549451	0,0525031	1550,61209928	0,799039295886
199,5	70,1075006767	0,0622711	0,0500611	1553,19181155	0,797712163292
200	70,4335157867	0,0659341	0,045177	1556,364552	0,796085980246
200,5	70,8904713917	0,0561661	0,0500611	1560,72675557	0,793860934066
201	71,2164865017	0,046398	0,045177	1563,77830875	0,792311795775
201,5	71,7386451287	0,047619	0,047619	1568,56027186	0,789896328647
202	71,9999916677	0,045177	0,0512821	1570,90480564	0,788717429315
202,5	72,2608037557	0,035409	0,0512821	1573,21196093	0,787560755175
203	72,7829623827	0,026862	0,0512821	1577,73298963	0,78530398245
203,5	73,0437744707	0,032967	0,04884	1579,94214189	0,784205932074
204	73,6311361197	0,035409	0,046398	1584,79731011	0,781803447101
204,5	73,8267451857	0,035409	0,04884	1586,37728332	0,78102479973
205	74,1532947467	0,019536	0,0500611	1588,97368122	0,779748597881
205,5	74,6102503517	0,017094	0,0512821	1592,52027246	0,778012073959
206	74,9362654617	0,015873	0,04884	1594,98868768	0,776808017242
206,5	75,4584240887	0,00854701	0,0549451	1598,83457671	0,77493945781
207	75,7192361767	0,013431	0,0549451	1600,70584482	0,774033532777
207,5	75,9805827157	0,015873	0,0500611	1602,54767732	0,773143924225
208	76,5022068917	0,014652	0,042735	1606,124085	0,771422340012
208,5	76,7635534307	0,00976801	0,0512821	1607,8659145	0,770586644588
209	77,2857120577	0,00854701	0,0512821	1611,2457875	0,768970202817
209,5	77,6117271677	0,00854701	0,0525031	1613,28820455	0,767996689312
210	77,8730737067	0,00610501	0,046398	1614,88777072	0,767235979161
210,5	78,3946978827	0,00732601	0,0525031	1617,97987398	0,765769723051
211	78,6560444217	0,00732601	0,0537241	1619,47868304	0,765061011901
211,5	78,9168565097	0,00732601	0,04884	1620,94083557	0,764370896709
212	79,4390151367	0,00854701	0,0549451	1623,76717276	0,763040428939
212,5	79,6998272247	0,00854701	0,047619	1625,12840597	0,762401294231
213	80,2871888737	0,00610501	0,0500611	1628,07061705	0,761023500472
213,5	80,4833323907	0,00732601	0,0561661	1629,01504616	0,760582293526
214	80,7441444787	0,00610501	0,0561661	1630,24128198	0,760010198303
214,5	81,2663031057	0,00610501	0,0500611	1632,59472808	0,758914615299
