Vernier Format 2
Bandlücke2-Si-Ground.cmbl 26.09.2019 13:56:21 ,
Latest
Time	Potential	Pyro	Sample	Wellenlänge	Energie
t	Pot	Pot	Pot	Lambda	E
s	°	V	V	nm	eV

0	71,999635367	0,00610501	0,04884	1570,90163151	0,788719022979
0,5	74,3488681826	0,00732601	0,043956	1590,50397948	0,778998365287
1	76,5023315969	0,00488401	0,047619	1606,12492411	0,771421936987
1,5	78,6557950112	0,00488401	0,0512821	1619,47726874	0,765061680033
2	81,0050278268	0,00610501	0,045177	1631,43405886	0,759454538339
2,5	83,3542606424	0,00854701	0,040293	1640,64854537	0,755189161928
3	85,5077240567	0,00610501	0,047619	1646,67280957	0,752426342863
3,5	87,4001616026	0,00488401	0,042735	1650,04699197	0,750887705639
4	87,9222133394	0,00732601	0,041514	1650,66115708	0,750608321209
4,5	88,2484956749	0,00610501	0,042735	1650,97542411	0,750465441163
5	88,5095215433	0,00732601	0,041514	1651,1882891	0,750368693977
5,5	88,4442650762	0,00610501	0,045177	1651,13828553	0,750391418369
6	88,4442650762	0,00610501	0,043956	1651,13828553	0,750391418369
6,5	88,4442650762	0,00610501	0,046398	1651,13828553	0,750391418369
7	88,4442650762	0,00732601	0,043956	1651,13828553	0,750391418369
7,5	88,1832392078	0,00854701	0,045177	1650,91685363	0,750492065835
8	87,9222133394	0,00732601	0,042735	1650,66115708	0,750608321209
8,5	87,661187471	0,00488401	0,042735	1650,37120119	0,750740196574
9	87,4001616026	0,00610501	0,046398	1650,04699197	0,750887705639
9,5	86,8781098658	0,00610501	0,047619	1649,2958412	0,751229687876
10	86,6170839974	0,00610501	0,040293	1648,86891523	0,751424196644
10,5	86,0297757935	0,00732601	0,046398	1647,78322174	0,75191929597
11	85,8340063922	0,00610501	0,046398	1647,38284346	0,752102041685
11,5	85,3119546554	0,00610501	0,04884	1646,2211553	0,7526327772
12	85,050928787	0,00610501	0,047619	1645,58905423	0,752921877314
12,5	84,4636205831	0,00610501	0,041514	1644,04197214	0,753630394475
13	84,2025947147	0,00488401	0,047619	1643,29892198	0,753971163386
13,5	83,8763123792	0,00732601	0,04884	1642,32214884	0,754419588675
14	83,4195171095	0,00732601	0,045177	1640,8651975	0,755089450302
14,5	83,1584912411	0,00610501	0,046398	1639,98582079	0,755494336775
15	82,6364395043	0,00610501	0,040293	1638,12497301	0,756352549662
15,5	82,3754136359	0,00732601	0,045177	1637,14354055	0,7568059668
16	81,8533618991	0,00488401	0,04884	1635,07876036	0,757761662639
16,5	81,5270795636	0,00610501	0,046398	1633,71932939	0,758392202202
17	81,0050278268	0,00610501	0,045177	1631,43405886	0,759454538339
17,5	80,7440019584	0,00488401	0,041514	1630,24062113	0,760010506389
18	80,2219502216	0,00610501	0,046398	1627,7522646	0,761172339887
18,5	79,9609243532	0,00610501	0,043956	1626,45739744	0,761778329977
19	79,4388726164	0,00610501	0,04884	1623,76641972	0,763040782809
19,5	79,177846748	0,00732601	0,046398	1622,370365	0,763697381761
20	78,5905385441	0,00732601	0,042735	1619,1061733	0,765237030425
20,5	78,3947691428	0,00610501	0,042735	1617,98028724	0,765769527459
21	77,872717406	0,00732601	0,047619	1614,88561285	0,767237004368
21,5	77,6116915376	0,00610501	0,046398	1613,28798419	0,767996794214
22	77,0243833337	0,00610501	0,045177	1609,57094669	0,769770355603
22,5	76,7633574653	0,00610501	0,043956	1607,86462095	0,770587264534
23	76,2413057285	0,00610501	0,041514	1604,35189227	0,77227446545
23,5	75,9802798601	0,00732601	0,04884	1602,54556224	0,773144944639
24	75,4582281233	0,00610501	0,043956	1598,83315824	0,774940145328
24,5	75,1972022549	0,00610501	0,045177	1596,92716132	0,77586506762
25	74,6751505181	0,00732601	0,043956	1593,01577543	0,777770075544
25,5	74,4141246497	0,00732601	0,046398	1591,01046765	0,778750376063
26	73,8920729129	0,00732601	0,04884	1586,90083049	0,780767125576
26,5	73,5657905774	0,00610501	0,045177	1584,26538426	0,782065941926
27	73,0437388406	0,00610501	0,042735	1579,94184232	0,784206080762
27,5	72,7827129722	0,00610501	0,045177	1577,7308614	0,785305041761
28	72,2606612354	0,00610501	0,046398	1573,21070909	0,787561381857
28,5	71,999635367	0,00732601	0,04884	1570,90163151	0,788719022979
29	71,4775836302	0,00732601	0,041514	1566,18571314	0,791093923029
29,5	71,2165577618	0,00488401	0,041514	1563,77897023	0,792311460629
30	70,694506025	0,00610501	0,046398	1558,8681667	0,794807429178
30,5	70,3682236895	0,00610501	0,043956	1555,73316907	0,796409065922
31	70,1071978211	0,00732601	0,046398	1553,1888408	0,797713689058
31,5	69,5851460843	0,00610501	0,043956	1548,00352882	0,800385772341
32	69,3241202159	0,00610501	0,041514	1545,36265272	0,801753554624
32,5	68,8020684791	0,00854701	0,0500611	1539,98473435	0,804553429888
33	68,5410426107	0,00732601	0,047619	1537,24780371	0,805985864484
33,5	68,0189908739	0,00732601	0,046398	1531,67828352	0,808916606922
34	67,7579650055	0,00610501	0,043956	1528,84580957	0,810415276836
34,5	67,1706568016	0,00732601	0,039072	1522,35681706	0,813869643512
35	66,9096309332	0,00854701	0,040293	1519,42143547	0,815441964339
35,5	66,3875791964	0,00610501	0,042735	1513,45612745	0,81865603999
36	66,126553328	0,00610501	0,046398	1510,42632484	0,820298202982
36,5	65,5392451241	0,00732601	0,040293	1503,49474683	0,824080032614
37	65,2782192557	0,00732601	0,043956	1500,36329396	0,825799994565
37,5	64,756220964	0,00732601	0,043956	1494,00769119	0,82931299973
38	64,494874425	0,00732601	0,04884	1490,77904191	0,831109081336
38,5	63,973250249	0,00610501	0,0500611	1484,24228146	0,83476937389
39	63,71190371	0,00732601	0,043956	1480,92091125	0,836641572545
39,5	63,451091622	0,00610501	0,040293	1477,57561564	0,838535765538
40	62,928932995	0,00610501	0,045177	1470,78623235	0,842406580064
40,5	62,668120907	0,00488401	0,045177	1467,34923459	0,844379763719
41	62,14596228	0,00610501	0,047619	1460,37689779	0,848411120361
41,5	61,819412719	0,00732601	0,041514	1455,95482945	0,850987939281
42	61,297788543	0,00854701	0,045177	1448,79304974	0,855194605067
42,5	61,036442004	0,00610501	0,04884	1445,1596311	0,857344734338
43	60,514283377	0,00732601	0,0500611	1437,81024996	0,861727060324
43,5	60,253471289	0,00732601	0,047619	1434,0945626	0,863959764097
44	59,731312662	0,00610501	0,040293	1426,56635203	0,868519012968
44,5	59,470500574	0,00610501	0,040293	1422,76169027	0,870841553069
45	58,948341947	0,00732601	0,040293	1415,05605609	0,875583687778
45,5	58,621792386	0,00610501	0,046398	1410,17730463	0,878612920466
46	58,165371232	0,00610501	0,046398	1403,28151156	0,882930466761
46,5	57,838821671	0,00732601	0,045177	1398,29319825	0,886080259527
47	57,578009583	0,00732601	0,041514	1394,27644574	0,888632956389
47,5	57,055850956	0,00610501	0,04884	1386,14797359	0,893843964427
48	56,795038868	0,00610501	0,043956	1382,04474225	0,896497748679
48,5	56,272880241	0,00732601	0,045177	1373,74389868	0,901914833756
49	56,011533702	0,00732601	0,041514	1369,54634167	0,904679135199
49,5	55,489909526	0,00610501	0,043956	1361,08328985	0,910304321009
50	55,228562987	0,00610501	0,041514	1356,80062873	0,913177642881
50,5	54,641201338	0,00854701	0,047619	1347,07270902	0,91977217837
51	54,445592272	0,00610501	0,047619	1343,80154586	0,922011143546
51,5	53,858230623	0,00732601	0,043956	1333,88514645	0,928865579842
52	53,662621557	0,00732601	0,041514	1330,55152054	0,93119280304
52,5	53,075259908	0,00732601	0,041514	1320,44849321	0,938317553746
53	52,81444782	0,00488401	0,045177	1315,91779175	0,941548178596
53,5	52,292289193	0,00610501	0,043956	1306,76525848	0,948142745574
54	52,030942654	0,00610501	0,042735	1302,14350526	0,951508028877
54,5	51,704927544	0,00732601	0,043956	1296,34016171	0,955767657748
55	51,247971939	0,00610501	0,039072	1288,13536781	0,961855431473
55,5	50,987159851	0,00610501	0,043956	1283,41563618	0,965392632806
56	50,399798202	0,00732601	0,0500611	1272,68933612	0,973529018305
56,5	50,138451663	0,00610501	0,047619	1267,87360679	0,97722674671
57	49,682030509	0,00732601	0,040293	1259,40011177	0,983801723072
57,5	49,355480948	0,00854701	0,03663	1253,28861829	0,988599099936
58	48,833322321	0,00732601	0,047619	1243,43171983	0,996435896112
58,5	48,572510233	0,00732601	0,042735	1238,46958978	1,00042827876
59	48,050351606	0,00610501	0,043956	1228,45814685	1,0085813694
59,5	47,724336496	0,00732601	0,043956	1222,15560892	1,01378252569
60	47,267380891	0,00610501	0,035409	1213,25517072	1,02121963285
60,5	46,941365781	0,00732601	0,04884	1206,85794811	1,02663283772
61	46,419207154	0,00610501	0,046398	1196,53058372	1,0354937992
61,5	46,157860615	0,00732601	0,045177	1191,32424555	1,04001912546
62	45,636236439	0,00732601	0,040293	1180,85886441	1,0492363121
62,5	45,309686878	0,00732601	0,042735	1174,25740883	1,05513492244
63	44,852731273	0,00732601	0,047619	1164,95570809	1,06355974858
63,5	44,526716163	0,00732601	0,047619	1158,27408091	1,06969500606
64	44,069760558	0,00610501	0,042735	1148,84578017	1,07847373545
64,5	43,743745448	0,00610501	0,043956	1142,07445605	1,08486797286
65	43,286789843	0,00610501	0,039072	1132,52131598	1,09401914341
65,5	42,960240282	0,00488401	0,043956	1125,65028392	1,10069709723
66	42,699428194	0,00610501	0,043956	1120,13617994	1,10611550827
66,5	42,177269567	0,00488401	0,047619	1109,02703799	1,11719548537
67	41,916457479	0,00488401	0,040293	1103,44360092	1,12284850714
67,5	41,32909583	0,00732601	0,0500611	1090,78587681	1,13587829321
68	41,068283742	0,00488401	0,040293	1085,12850974	1,14180024659
68,5	40,546125115	0,00610501	0,045177	1073,73473089	1,15391629269
69	40,284778576	0,00732601	0,041514	1067,99846392	1,16011402812
69,5	39,7631544	0,00732601	0,043956	1056,48307498	1,17275896732
70	39,501807861	0,00610501	0,045177	1050,6805954	1,17923563586
70,5	38,979649234	0,00488401	0,040293	1039,02215348	1,19246735582
71	38,718837146	0,00610501	0,043956	1033,16652203	1,19922584944
71,5	38,131475497	0,00488401	0,045177	1019,90114384	1,21482362039
72	37,935866431	0,00488401	0,045177	1015,45951441	1,22013727028
72,5	37,348504782	0,00732601	0,041514	1002,05157134	1,23646330732
73	37,087158243	0,00732601	0,037851	996,051771322	1,24391124606
73,5	36,565534067	0,00610501	0,045177	984,014875004	1,25912730739
74	36,304187528	0,00732601	0,043956	977,953363283	1,2669315803
74,5	35,782028901	0,00488401	0,046398	965,78192388	1,2828983121
75	35,521216813	0,00610501	0,046398	959,672331536	1,29106566823
75,5	34,933855164	0,00610501	0,045177	945,840605481	1,30994587547
76	34,673043076	0,00732601	0,040293	939,666810844	1,31855247594
76,5	34,411696537	0,00610501	0,047619	933,460834408	1,32731867726
77	33,890072361	0,00732601	0,04884	921,016326221	1,34525302617
77,5	33,628725822	0,00488401	0,045177	914,75255226	1,35446465488
78	33,106567195	0,00732601	0,046398	902,180944304	1,37333869422
78,5	32,845755107	0,00732601	0,037851	895,873448567	1,38300783663
79	32,258393458	0,00610501	0,046398	881,600881476	1,40539786885
79,5	31,99758137	0,00610501	0,04884	875,23349744	1,41562223524
80	31,475422743	0,00488401	0,047619	862,431314337	1,43663614644
80,5	31,214076204	0,00732601	0,041514	855,99670723	1,44743547438
81	30,692452028	0,00488401	0,043956	843,100696159	1,46957534924
81,5	30,431105489	0,00610501	0,041514	836,613134167	1,48097125111
82	29,908946862	0,00732601	0,046398	823,599281383	1,50437236652
82,5	29,582931752	0,00488401	0,043956	815,439193182	1,51942659901
83	29,256382191	0,00732601	0,043956	807,239261964	1,53486092461
83,5	28,799961037	0,00488401	0,039072	795,734268619	1,55705245942
84	28,538614498	0,00732601	0,043956	789,123733055	1,57009597874
84,5	28,016990322	0,00610501	0,042735	775,880748071	1,59689488762
85	27,755643783	0,00610501	0,046398	769,221436826	1,61071954145
85,5	27,429628673	0,00610501	0,039072	760,891901981	1,62835219664
86	26,972673068	0,00732601	0,041514	749,175495636	1,65381810699
86,5	26,71186098	0,00610501	0,047619	742,466828081	1,66876142225
87	26,124499331	0,00488401	0,046398	727,302455072	1,70355536594
87,5	25,863152792	0,00610501	0,043956	720,530402576	1,7195665798
88	25,340994165	0,00732601	0,042735	706,955389704	1,75258583221
88,5	25,080182077	0,00732601	0,042735	700,152771865	1,76961378972
89	24,55802345	0,00488401	0,047619	686,490140366	1,80483291332
89,5	24,297211362	0,00488401	0,047619	679,644394126	1,8230121674
90	23,775052735	0,00732601	0,0500611	665,89669537	1,86064896945
90,5	23,449037625	0,00610501	0,047619	657,285060822	1,88502686863
91	22,99208202	0,00610501	0,045177	645,17890035	1,92039758171
91,5	22,665532459	0,00610501	0,045177	636,502410751	1,94657550242
92	22,404720371	0,00488401	0,047619	629,557714801	1,9680483153
92,5	21,882561744	0,00610501	0,0500611	615,615034746	2,01262141122
93	21,621749656	0,00488401	0,04884	608,631610506	2,03571418016
93,5	21,099591029	0,00610501	0,046398	594,612698351	2,0837092841
94	20,838778941	0,00610501	0,046398	587,591849909	2,1086065101
94,5	20,316620314	0,00732601	0,045177	573,499323556	2,16042103122
95	20,055273775	0,00732601	0,042735	566,427888903	2,18739229525
95,5	19,467912126	0,00732601	0,046398	550,492454495	2,25071204861
96	19,207100038	0,00610501	0,042735	543,397836421	2,28009741106
96,5	18,684941411	0,00610501	0,043956	529,16037307	2,3414451706
97	18,424129323	0,00732601	0,04884	522,032395491	2,37341592342
97,5	17,901970696	0,00854701	0,042735	507,72947586	2,44027589279
98	17,641158608	0,00854701	0,0500611	500,56946986	2,47518091814
98,5	17,249406025	0,00610501	0,042735	489,795344894	2,52962796179
99	16,79245042	0,00732601	0,047619	477,199086137	2,59640061349
99,5	16,531638332	0,00610501	0,042735	469,995984974	2,63619273273
100	16,009479705	0,00610501	0,046398	455,545906031	2,71981370834
100,5	15,683464595	0,00488401	0,046398	446,50458862	2,7748874963
101	15,487321078	0,00732601	0,040293	441,057992517	2,80915439924
101,5	14,899959429	0,00732601	0,047619	424,717225177	2,91723510739
102	14,639147341	0,00732601	0,039072	417,446858257	2,96804245976
102,5	14,116988714	0,00488401	0,046398	402,865383517	3,07546900452
103	13,856176626	0,00732601	0,045177	395,569502635	3,13219293133
103,5	13,334017999	0,00732601	0,046398	380,938310489	3,2524951308
104	13,073205911	0,00610501	0,047619	373,618278081	3,31621891296
104,5	12,551047284	0,00610501	0,045177	358,940100768	3,45182942042
105	12,289700745	0,00488401	0,046398	351,582229495	3,52406889785
105,5	11,702339096	0,00610501	0,047619	335,01936606	3,69829366753
106	11,50673003	0,00732601	0,047619	329,495534259	3,76029375568
106,5	10,919368381	0,00610501	0,042735	312,886125516	3,95990713221
107	10,658556293	0,00610501	0,040293	305,500237296	4,05564333097
107,5	10,136397666	0,00732601	0,040293	290,694456392	4,26220718268
108	9,875585578	0,00610501	0,046398	283,290024881	4,37360969742
108,5	9,549036017	0,00732601	0,045177	274,011054862	4,52171537614
109	9,092080412	0,00610501	0,046398	261,011696898	4,74691370051
109,5	8,766065302	0,00732601	0,039072	251,727105188	4,92199677533
110	8,243906675	0,00732601	0,047619	236,839683387	5,23138682792
110,5	7,983094587	0,00610501	0,042735	229,396147816	5,40113690572
111	7,46093596	0,00610501	0,047619	214,479694172	5,77677063922
111,5	7,200123872	0,00610501	0,043956	207,022352843	5,98486097266
112	6,677965245	0,00610501	0,046398	192,079652865	6,4504489753
112,5	6,416618706	0,00732601	0,041514	184,594587514	6,71200611396
113	5,89499453	0,00610501	0,043956	169,643742467	7,30354083198
113,5	5,568444969	0,00610501	0,043956	160,276910771	7,73037110612
114	5,111489364	0,00610501	0,0525031	147,160806573	8,41936130179
114,5	4,785474254	0,00610501	0,042735	137,797348126	8,99146476222
115	4,328518649	0,00732601	0,043956	124,665715675	9,93857848797
115,5	4,002503539	0,00610501	0,046398	115,292053106	10,7466210083
116	3,480344912	0,00732601	0,046398	100,271176218	12,3564921319
116,5	3,153795351	0,00854701	0,046398	90,8730509429	13,6344052185
117	2,697374197	0,00732601	0,043956	77,7323313753	15,9393135145
117,5	2,436027658	0,00732601	0,041514	70,2056871258	17,6481429173
118	1,913869031	0,00732601	0,046398	55,1635719573	22,4604744769
118,5	1,587853921	0,00732601	0,043956	45,7694700252	27,0704467261
119	1,065695294	0,00610501	0,046398	30,72054651	40,3313137544
119,5	0,804883206	0,00610501	0,042735	23,2027527667	53,3988364423
120	0,282724579	0,00732601	0,041514	8,15047152423	152,015744895
120,5	0,021912491	0,00732601	0,043956	0,631702609581	1961,36596748
121	-0,565449158	0,00610501	0,046398	-16,3007445927	-76,0087978162
121,5	-0,826795697	0,00610501	0,047619	-23,8343913496	-51,9837063103
122	-1,348954324	0,00732601	0,047619	-38,8846373283	-31,8634835022
122,5	-1,609766412	0,00732601	0,041514	-46,4009267211	-26,7020529018
123	-2,131925039	0,00610501	0,039072	-61,4458620889	-20,1640917367
123,5	-2,457940149	0,00610501	0,047619	-70,8368137321	-17,4909052895
124	-2,719286688	0,00488401	0,047619	-78,3633283943	-15,8109670095
124,5	-3,240910864	0,00610501	0,0500611	-93,3805444242	-13,2682884603
125	-3,567460425	0,00610501	0,045177	-102,777830643	-12,0551289344
125,5	-4,02441603	0,00610501	0,040293	-115,922206562	-10,6882023449
126	-4,546040206	0,00610501	0,045177	-130,91772007	-9,46395949562
126,5	-4,872589767	0,00610501	0,046398	-140,299836355	-8,83108656568
127	-5,068198833	0,00732601	0,047619	-145,91772983	-8,49108604855
127,5	-5,655560482	0,00732601	0,045177	-162,776276332	-7,61167430486
128	-5,851169548	0,00610501	0,043956	-168,386968862	-7,35805156642
128,5	-6,438531197	0,00732601	0,040293	-185,222319352	-6,68925863975
129	-6,699877736	0,00732601	0,045177	-192,707055607	-6,42944803499
129,5	-7,287239385	0,00854701	0,04884	-209,513711863	-5,91369409182
130	-7,482848451	0,00732601	0,042735	-215,106032864	-5,75995002792
130,5	-8,0702101	0,00732601	0,043956	-231,882947037	-5,34321309881
131	-8,265819166	0,00610501	0,040293	-237,464841067	-5,21761450847
131,5	-8,787977793	0,00854701	0,043956	-252,351410355	-4,9098199937
132	-9,048789881	0,00732601	0,0500611	-259,779304916	-4,7694330401
132,5	-9,440542464	0,00610501	0,041514	-270,926204527	-4,57320103888
133	-9,897498069	0,00610501	0,042735	-283,912346518	-4,36402296411
133,5	-10,419122245	0,00732601	0,042735	-298,714172859	-4,14777775069
134	-10,680468784	0,00610501	0,046398	-306,121018696	-4,04741891059
134,5	-11,267830433	0,00610501	0,045177	-322,744012139	-3,83895580832
135	-11,463439499	0,00610501	0,046398	-328,272525616	-3,77430306625
135,5	-11,78998906	0,00610501	0,045177	-337,493262643	-3,67118439727
136	-12,311613236	0,00610501	0,045177	-352,199430202	-3,51789325522
136,5	-12,572959775	0,00732601	0,046398	-359,556681194	-3,44591010209
137	-13,095118402	0,00732601	0,0500611	-374,233580806	-3,3107664933
137,5	-13,35593049	0,00610501	0,046398	-381,552955873	-3,24725567167
138	-13,878089117	0,00610501	0,043956	-396,182793731	-3,12734429563
138,5	-14,138901205	0,00610501	0,047619	-403,477979081	-3,07079955844
139	-14,400247744	0,00732601	0,047619	-410,779727319	-3,01621506028
139,5	-14,987074942	0,00610501	0,0500611	-427,143693673	-2,90066321557
140	-15,378827525	0,00732601	0,047619	-438,043073309	-2,82848896717
140,5	-15,705377086	0,00610501	0,0500611	-447,112740162	-2,77111316388
141	-16,227001262	0,00854701	0,046398	-461,570206355	-2,68431537162
141,5	-16,553550823	0,00610501	0,0537241	-470,601540368	-2,63280056209
142	-17,010506428	0,00732601	0,0537241	-483,213767895	-2,56408257032
142,5	-17,336521538	0,00610501	0,0537241	-492,193225609	-2,51730404958
143	-17,858680165	0,00610501	0,04884	-506,541756454	-2,44599775678
143,5	-18,119492253	0,00610501	0,045177	-513,692998336	-2,41194644275
144	-18,446041814	0,00732601	0,04884	-522,631680741	-2,37069440231
144,5	-18,902462968	0,00610501	0,0500611	-535,096843665	-2,31546871313
145	-19,163809507	0,00488401	0,043956	-542,219152598	-2,28505391974
145,5	-19,751171156	0,00732601	0,045177	-558,184748616	-2,21969518707
146	-19,946780222	0,00610501	0,040293	-563,488833446	-2,19880133635
146,5	-20,534141871	0,00732601	0,043956	-579,375862913	-2,1385081418
147	-20,729750937	0,00732601	0,042735	-584,653287986	-2,11920470723
147,5	-21,317112586	0,00610501	0,041514	-600,458784148	-2,06342222432
148	-21,578459125	0,00732601	0,045177	-607,471252297	-2,03960268953
148,5	-22,165286323	0,00610501	0,045177	-623,170767807	-1,98821906291
149	-22,36142984	0,00610501	0,047619	-628,403742917	-1,97166234919
149,5	-22,948791489	0,00488401	0,045177	-644,029860828	-1,9238238401
150	-23,209603577	0,00610501	0,046398	-650,946881118	-1,9033811144
150,5	-23,731762204	0,00488401	0,045177	-664,754418516	-1,86384620469
151	-23,992574292	0,00732601	0,039072	-671,630516883	-1,8447642995
151,5	-24,514732919	0,00610501	0,043956	-685,354839489	-1,80782264691
152	-24,775545007	0,00610501	0,040293	-692,188731885	-1,78997424102
152,5	-25,297703634	0,00488401	0,042735	-705,82727681	-1,75538696322
153	-25,559050173	0,00732601	0,043956	-712,631586733	-1,73862627347
153,5	-25,819862261	0,00732601	0,042735	-719,407200484	-1,7222513191
154	-26,342020888	0,00488401	0,047619	-732,927375049	-1,69048127029
154,5	-26,668035998	0,00610501	0,047619	-741,338038436	-1,6713023422
155	-27,190194625	0,00732601	0,046398	-754,758767766	-1,64158410994
155,5	-27,451541164	0,00732601	0,041514	-761,452531225	-1,62715330134
156	-27,97316534	0,00732601	0,042735	-774,765176523	-1,59919423013
156,5	-28,234511879	0,00610501	0,040293	-781,411061484	-1,58559311619
157	-28,756670506	0,00610501	0,042735	-794,640412313	-1,55919580832
157,5	-29,082685616	0,00732601	0,0512821	-802,866896268	-1,54321968655
158	-29,539641221	0,00610501	0,041514	-814,353649123	-1,52145201453
158,5	-29,865656331	0,00610501	0,043956	-822,517258262	-1,50635137142
159	-30,322611936	0,00610501	0,045177	-833,914812951	-1,48576327073
159,5	-30,648627046	0,00610501	0,042735	-842,014022796	-1,47147193094
160	-31,105582651	0,00732601	0,043956	-853,320250932	-1,45197538515
160,5	-31,432132212	0,00732601	0,047619	-861,366695547	-1,43841177794
161	-31,627741278	0,00732601	0,045177	-866,17327748	-1,43042972141
161,5	-32,215102927	0,00732601	0,047619	-880,545260984	-1,40708269626
162	-32,475915015	0,00610501	0,043956	-886,897418661	-1,39700485528
162,5	-32,998073642	0,00610501	0,046398	-899,55939277	-1,37734096265
163	-33,259420181	0,00732601	0,047619	-905,868870365	-1,36774762941
163,5	-33,846247379	0,00610501	0,04884	-919,96729294	-1,34678701026
164	-34,042390896	0,00610501	0,042735	-924,658161577	-1,33995464647
164,5	-34,629752545	0,00732601	0,047619	-938,640174566	-1,31999464073
165	-34,890564633	0,00610501	0,045177	-944,817209899	-1,31136476667
165,5	-35,41272326	0,00610501	0,045177	-957,124977523	-1,29450179349
166	-35,673535348	0,00732601	0,043956	-963,242857232	-1,28627997674
166,5	-36,195693975	0,00610501	0,0525031	-975,431046279	-1,27020767355
167	-36,456506063	0,00610501	0,042735	-981,488627907	-1,26236816686
167,5	-37,043867712	0,00732601	0,045177	-995,055935361	-1,2451561324
168	-37,305214251	0,00732601	0,042735	-1001,05917679	-1,23768906847
168,5	-37,826838427	0,00610501	0,046398	-1012,97871181	-1,22312540782
169	-38,088184966	0,00488401	0,046398	-1018,91918277	-1,21599438008
169,5	-38,610343593	0,00732601	0,043956	-1030,72436338	-1,20206724903
170	-38,871155681	0,00732601	0,042735	-1036,58891505	-1,19526649573
170,5	-39,393314308	0,00732601	0,047619	-1048,26536701	-1,18195262287
171	-39,654126396	0,00610501	0,043956	-1054,06507398	-1,17544924938
171,5	-40,176285023	0,00732601	0,045177	-1065,6106168	-1,16271364086
172	-40,437631562	0,00732601	0,043956	-1071,35612284	-1,15647819953
172,5	-41,02445876	0,00732601	0,042735	-1084,17567685	-1,1428037231
173	-41,285805299	0,00610501	0,039072	-1089,84840791	-1,13685535622
173,5	-41,807963926	0,00732601	0,043956	-1101,11424212	-1,12522384382
174	-42,003572992	0,00488401	0,046398	-1105,31110925	-1,12095136802
174,5	-42,590934641	0,00732601	0,0500611	-1117,83556079	-1,10839200636
175	-42,851746729	0,00732601	0,041514	-1123,35933376	-1,1029418306
175,5	-43,17829629	0,00610501	0,042735	-1130,24253879	-1,09622488756
176	-43,700454917	0,00610501	0,045177	-1141,17252726	-1,0857254012
176,5	-44,026470027	0,00610501	0,042735	-1147,948774	-1,07931645389
177	-44,41822261	0,00610501	0,046398	-1156,04219587	-1,07176018698
177,5	-45,005584259	0,00488401	0,047619	-1168,07543115	-1,06071916844
178	-45,266396347	0,00732601	0,041514	-1173,37938864	-1,05592446228
178,5	-45,723351952	0,00732601	0,045177	-1182,61350032	-1,04767956705
179	-46,049367062	0,00610501	0,041514	-1189,15563627	-1,04191576125
179,5	-46,571525689	0,00610501	0,043956	-1199,55347667	-1,03288433912
180	-46,832337777	0,00732601	0,04884	-1204,70982012	-1,02846343518
180,5	-47,158887338	0,00610501	0,04884	-1211,1306097	-1,02301105271
181	-47,615842943	0,00732601	0,042735	-1220,04942174	-1,01553263165
181,5	-47,941858053	0,00610501	0,042735	-1226,36515045	-1,0103026815
182	-48,398813658	0,00610501	0,040293	-1235,15064978	-1,00311650261
182,5	-48,724828768	0,00610501	0,045177	-1241,37067889	-0,998090273171
183	-49,246987395	0,00732601	0,04884	-1251,24910256	-0,990210500423
183,5	-49,573536956	0,00732601	0,041514	-1257,37414377	-0,985386892311
184	-50,02995811	0,00732601	0,043956	-1265,86668472	-0,978776055134
184,5	-50,356507671	0,00610501	0,040293	-1271,89346576	-0,974138191098
185	-50,878666298	0,00610501	0,046398	-1281,44446742	-0,966877638088
185,5	-51,139478386	0,00732601	0,0525031	-1286,17527345	-0,963321271663
186	-51,661637013	0,00610501	0,045177	-1295,56639308	-0,956338483785
186,5	-51,922449101	0,00732601	0,041514	-1300,21689985	-0,952917932492
187	-52,444607728	0,00610501	0,042735	-1309,44638375	-0,946201398835
187,5	-52,705419816	0,00732601	0,042735	-1314,01572283	-0,942911091911
188	-53,227578443	0,00732601	0,047619	-1323,08184746	-0,936450002982
188,5	-53,488924982	0,00610501	0,047619	-1327,57833268	-0,933278262759
189	-54,010549158	0,00732601	0,045177	-1336,47023793	-0,92706890497
189,5	-54,337098719	0,00610501	0,041514	-1341,98045696	-0,923262327389
190	-54,794054324	0,00732601	0,042735	-1349,61793766	-0,918037590804
190,5	-55,120069434	0,00610501	0,043956	-1355,014458	-0,914381387364
191	-55,3156785	0,00732601	0,046398	-1358,23132346	-0,912215746022
191,5	-55,903040149	0,00732601	0,046398	-1367,79542267	-0,905837217662
192	-56,099183666	0,00610501	0,04884	-1370,95729138	-0,903748065524
192,5	-56,686010864	0,00732601	0,045177	-1380,32096425	-0,897617316618
193	-56,947357403	0,00610501	0,042735	-1384,44458067	-0,894943732162
193,5	-57,46951603	0,00732601	0,045177	-1392,59702906	-0,889704612423
194	-57,730328118	0,00610501	0,04884	-1396,62580978	-0,887138123415
194,5	-58,252486745	0,00732601	0,046398	-1404,60457722	-0,882098791429
195	-58,513298833	0,00732601	0,041514	-1408,54623198	-0,87963033933
195,5	-59,100660482	0,00610501	0,045177	-1417,31603122	-0,874187529606
196	-59,557616087	0,00732601	0,037851	-1424,03579259	-0,87006240043
196,5	-59,883631197	0,00732601	0,042735	-1428,77466915	-0,867176628166
197	-60,340586802	0,00732601	0,047619	-1435,33897204	-0,863210728707
197,5	-60,667136363	0,00610501	0,047619	-1439,97404455	-0,86043217563
198	-60,927948451	0,00732601	0,045177	-1443,64244307	-0,85824575604
198,5	-61,450107078	0,00732601	0,040293	-1450,89678745	-0,853954609808
199	-61,710919166	0,00732601	0,045177	-1454,47515785	-0,851853669215
199,5	-62,298280815	0,00610501	0,039072	-1462,42334939	-0,847223890753
200	-62,493889881	0,00732601	0,043956	-1465,03626291	-0,845712854599
200,5	-62,950845486	0,00610501	0,043956	-1471,07360969	-0,84224201416
201	-63,277395047	0,00610501	0,047619	-1475,33071438	-0,839811703181
201,5	-63,864222245	0,00732601	0,045177	-1482,86042943	-0,835547281059
202	-64,060365762	0,00732601	0,041514	-1485,34254581	-0,834151020247
202,5	-64,386380872	0,00732601	0,042735	-1489,42960866	-0,831862071761
203	-64,908539499	0,00732601	0,043956	-1495,87508591	-0,82827771628
203,5	-65,23508906	0,00610501	0,045177	-1499,84287379	-0,82608653323
204	-65,691510214	0,00732601	0,047619	-1505,3070212	-0,823087903363
204,5	-66,018059775	0,00854701	0,045177	-1509,15778238	-0,820987715446
205	-66,474480929	0,00610501	0,043956	-1514,45785439	-0,818114546015
205,5	-66,80103049	0,00732601	0,042735	-1518,19086976	-0,81610291873
206	-67,257986095	0,00610501	0,046398	-1523,33183292	-0,813348722338
206,5	-67,584001205	0,00610501	0,046398	-1526,9404491	-0,811426536466
207	-68,106159832	0,00610501	0,045177	-1532,61710355	-0,808421096914
207,5	-68,36697192	0,00732601	0,047619	-1535,40488649	-0,806953273958
208	-68,628318459	0,00732601	0,041514	-1538,16646916	-0,805504491769
208,5	-69,215680108	0,00732601	0,045177	-1544,25609868	-0,802328060132
209	-69,411289174	0,00610501	0,040293	-1546,24813668	-0,801294417507
209,5	-69,933447801	0,00488401	0,045177	-1551,47735285	-0,798593674424
210	-70,194259889	0,00732601	0,042735	-1554,04105671	-0,797276233244
210,5	-70,781621538	0,00732601	0,037851	-1559,69664665	-0,79438524322
211	-71,042433626	0,00488401	0,043956	-1562,1554396	-0,793134901044
211,5	-71,564592253	0,00610501	0,040293	-1566,98073966	-0,790692552017
212	-71,825938792	0,00488401	0,041514	-1569,34701358	-0,789500339491
212,5	-72,413300441	0,00732601	0,042735	-1574,545854	-0,786893564805
213	-72,608909507	0,00732601	0,045177	-1576,24052128	-0,786047550021
213,5	-73,131068134	0,00732601	0,0512821	-1580,6742338	-0,783842725785
214	-73,391880222	0,00610501	0,046398	-1582,83968071	-0,782770368407
214,5	-73,979241871	0,00732601	0,046398	-1587,59620388	-0,780425146501
215	-74,174850937	0,00610501	0,040293	-1589,14325953	-0,779665390501
215,5	-74,697009564	0,00732601	0,043956	-1593,18220584	-0,777688826464
216	-74,957821652	0,00732601	0,047619	-1595,15008059	-0,776729421935
216,5	-75,284371213	0,00488401	0,0525031	-1597,56735242	-0,775554156214
217	-75,80652984	0,00610501	0,042735	-1601,32475065	-0,773734371807
217,5	-76,393891489	0,00732601	0,047619	-1605,39238461	-0,771773936312
218	-76,589500555	0,00732601	0,041514	-1606,70960076	-0,771141218931
218,5	-76,915515665	0,00610501	0,037851	-1608,86333783	-0,770108915324
219	-77,37247127	0,00610501	0,047619	-1611,79441278	-0,768708459451
219,5	-77,699020831	0,00610501	0,043956	-1613,82621866	-0,767740656135
220	-78,220645007	0,00610501	0,043956	-1616,96301243	-0,766251293615
220,5	-78,481991546	0,00610501	0,043956	-1618,48424446	-0,765531085176
221	-78,938947151	0,00610501	0,043956	-1621,06313662	-0,764313228777
221,5	-79,264962261	0,00732601	0,041514	-1622,84003335	-0,763476359059
222	-79,787120888	0,00732601	0,046398	-1625,57648983	-0,762191141265
222,5	-80,113135998	0,00488401	0,045177	-1627,21657622	-0,761422921883
223	-80,570091603	0,00732601	0,046398	-1629,42670178	-0,760390141295
223,5	-80,830903691	0,00732601	0,042735	-1630,64170342	-0,759823569705
224	-81,41826534	0,00610501	0,046398	-1633,2541801	-0,758608191606
224,5	-81,744814901	0,00732601	0,039072	-1634,63239112	-0,7579685847
