Vernier Format 2
Bandlücke2-Si2.cmbl 26.09.2019 13:43:13 ,
Latest
Time	Potential	Pyro	Sample	Wellenlänge	Energie
t	Pot	Pot	Pot	Lambda	E
s	°	V	V	nm	eV

0	-83,2892001407	0,592186	0,015873	-1640,43042521	-0,755289575809
0,5	-83,3544031627	0,589744	0,017094	-1640,64902086	-0,755188943062
1	-83,2892001407	0,592186	0,015873	-1640,43042521	-0,755289575809
1,5	-83,3544031627	0,587302	0,019536	-1640,64902086	-0,755188943062
2	-83,2892001407	0,587302	0,020757	-1640,43042521	-0,755289575809
2,5	-83,3544031627	0,582418	0,021978	-1640,64902086	-0,755188943062
3	-83,0283880527	0,56044	0,023199	-1639,5348009	-0,755702165835
3,5	-82,8322445357	0,551893	0,017094	-1638,83886466	-0,756023076289
4	-82,4410264037	0,518926	0,014652	-1637,39343621	-0,756690464613
4,5	-81,9840707987	0,494505	0,014652	-1635,60847601	-0,757516250478
5	-81,6580556887	0,457875	0,017094	-1634,2713993	-0,75813601127
5,5	-81,4619121717	0,450549	0,019536	-1633,44146532	-0,758521211997
6	-80,8093475007	0,418803	0,018315	-1630,54256377	-0,759869768219
6,5	-80,6137384347	0,391941	0,020757	-1629,63238502	-0,760294169036
7	-80,0915798077	0,3663	0,020757	-1627,10975933	-0,761472907954
7,5	-79,8307677197	0,351648	0,018315	-1625,79911683	-0,76208677147
8	-79,5694211807	0,334554	0,01221	-1624,45199689	-0,762718752152
8,5	-79,0477970047	0,319902	0,01221	-1621,66224575	-0,764030859848
9	-78,7212474437	0,308913	0,017094	-1619,84736835	-0,764886880214
9,5	-78,2642918387	0,299145	0,018315	-1617,21941055	-0,766129810165
10	-78,0034797507	0,296703	0,018315	-1615,67335491	-0,766862928222
10,5	-77,4813211237	0,306471	0,018315	-1612,47750197	-0,768382813707
11	-77,1553060137	0,302808	0,019536	-1610,41421033	-0,769367279582
11,5	-76,8939594747	0,30525	0,021978	-1608,72253972	-0,770176316555
12	-76,6331473867	0,310134	0,015873	-1607,00096014	-0,771001406178
12,5	-76,1761917817	0,315018	0,015873	-1603,90441173	-0,772489925796
13	-75,5236271107	0,330891	0,017094	-1599,30550114	-0,774711272562
13,5	-75,3280180447	0,345543	0,014652	-1597,88651669	-0,775399245852
14	-75,0014684837	0,347985	0,018315	-1595,47617645	-0,776570667924
14,5	-74,5450473297	0,369963	0,015873	-1592,02039962	-0,778256359214
15	-74,2184977687	0,374847	0,015873	-1589,48593171	-0,779497304935
15,5	-73,7615421637	0,388278	0,015873	-1585,85267913	-0,781283164764
16	-73,3703240317	0,387057	0,017094	-1582,66194868	-0,782858273072
16,5	-72,9133684267	0,417582	0,017094	-1578,84165515	-0,784752540547
17	-72,6525563387	0,42735	0,017094	-1576,61615108	-0,785860273697
17,5	-72,3912097997	0,449328	0,017094	-1574,35331713	-0,786989798619
18	-71,8695856237	0,468864	0,017094	-1569,73901849	-0,789303180595
18,5	-71,6082390847	0,490842	0,01221	-1567,37819425	-0,790492048789
19	-71,3474269967	0,5116	0,015873	-1564,98968701	-0,791698507844
19,5	-70,8252683697	0,526252	0,019536	-1560,11037805	-0,79417457728
20	-70,4987188087	0,559219	0,018315	-1556,9930566	-0,795764627687
20,5	-70,1075006767	0,561661	0,018315	-1553,19181155	-0,797712163292
21	-69,7157480937	0,589744	0,015873	-1549,31281224	-0,799709387419
21,5	-69,4549360057	0,590965	0,015873	-1546,6901675	-0,801065414412
22	-68,9327773787	0,627595	0,015873	-1541,3432481	-0,803844310166
22,5	-68,6719652907	0,643468	0,01221	-1538,62455705	-0,80526467248
23	-68,2150096857	0,671551	0,015873	-1533,78444852	-0,807805817302
23,5	-67,8884601247	0,68254	0,018315	-1530,2658233	-0,809663250093
24	-67,5624450147	0,70696	0,018315	-1526,70337166	-0,811552540594
24,5	-67,1054894097	0,730159	0,019536	-1521,62693046	-0,814260036541
25	-66,7794742997	0,760684	0,017094	-1517,94596486	-0,816234588504
25,5	-66,5833307827	0,778999	0,015873	-1515,70766482	-0,817439951485
26	-65,9965035847	0,80464	0,014652	-1508,90509575	-0,821125200973
26,5	-65,8003600677	0,820513	0,017094	-1506,5960474	-0,822383678847
27	-65,2129984187	0,835165	0,015873	-1499,57599321	-0,826233552422
27,5	-65,0173893527	0,846154	0,01221	-1497,20308716	-0,827543043843
28	-64,6913742427	0,8779	0,017094	-1493,20947814	-0,829756318947
28,5	-64,1692156157	0,908425	0,017094	-1486,71248775	-0,833382385774
29	-63,9078690767	0,910867	0,017094	-1483,41426662	-0,835235326961
29,5	-63,6470569887	0,943834	0,020757	-1480,09202105	-0,837110113683
30	-63,1248983617	0,962149	0,017094	-1473,34862789	-0,840941496498
30,5	-62,8640862737	0,960928	0,015873	-1469,9345222	-0,84289468768
31	-62,2767246247	0,971917	0,015873	-1462,13436211	-0,847391342481
31,5	-62,0811155587	0,965812	0,017094	-1459,50252673	-0,848919393633
32	-61,8197690197	0,984127	0,017094	-1455,9596802	-0,850985104085
32,5	-61,2976103927	0,984127	0,010989	-1448,79058324	-0,855196061002
33	-60,9715952827	0,973138	0,020757	-1444,25342871	-0,857882678601
33,5	-60,4494366557	0,968254	0,018315	-1436,88918408	-0,862279439309
34	-60,1886245677	0,937729	0,015873	-1433,16610116	-0,864519471257
34,5	-59,6664659407	0,907204	0,019536	-1425,62314227	-0,869093635803
35	-59,4051194017	0,873016	0,019536	-1421,8033014	-0,871428557506
35,5	-59,1443073137	0,840049	0,020757	-1417,96178074	-0,873789418609
36	-58,6221486867	0,802198	0,017094	-1410,18265287	-0,878609588254
36,5	-58,3613365987	0,770452	0,018315	-1406,25316914	-0,881064681087
37	-58,0347870377	0,764347	0,010989	-1401,29219086	-0,88418390403
37,5	-57,5131628617	0,746032	0,013431	-1393,27325713	-0,889272792441
38	-57,2518163227	0,753358	0,013431	-1389,21210915	-0,891872444704
38,5	-57,0562072567	0,738706	0,01221	-1386,15355948	-0,893840362441
39	-56,4688456077	0,753358	0,015873	-1376,87260498	-0,899865387341
39,5	-56,2732365417	0,757021	0,01221	-1373,74960183	-0,901911089437
40	-55,6858748927	0,775336	0,020757	-1364,27598264	-0,908174017404
40,5	-55,4245283537	0,774115	0,019536	-1360,01454734	-0,911019666977
41	-55,1637162657	0,765568	0,019536	-1355,73361692	-0,913896346996
41,5	-54,6415576387	0,805861	0,025641	-1347,07865311	-0,919768119804
42	-54,3155425287	0,837607	0,018315	-1341,6180582	-0,923511719616
42,5	-53,8585869237	0,879121	0,017094	-1333,89120446	-0,928861361303
43	-53,5320373627	0,887668	0,017094	-1328,31743257	-0,932758969821
43,5	-53,3364282967	0,901099	0,015873	-1324,9579671	-0,935124004509
44	-52,7490666477	0,898657	0,019536	-1314,7777435	-0,942364598221
44,5	-52,5534575817	0,897436	0,018315	-1311,35670056	-0,944823021433
45	-52,2269080207	0,913309	0,017094	-1305,61157889	-0,948980554428
45,5	-51,7052838447	0,920635	0,018315	-1296,3465271	-0,955762964682
46	-51,3787342837	0,960928	0,014652	-1290,49164169	-0,960099205587
46,5	-50,9217786787	0,948718	0,01221	-1282,2283067	-0,966286575898
47	-50,5957635687	0,958486	0,019536	-1276,28294637	-0,970787867632
47,5	-50,4001545027	0,949939	0,019536	-1272,69588348	-0,973524010003
48	-49,8127928537	0,969475	0,015873	-1261,83591706	-0,981902625568
48,5	-49,5514463147	0,971917	0,015873	-1256,96107872	-0,985710712111
49	-49,2906342267	0,978022	0,021978	-1252,0701372	-0,989561178073
49,5	-48,7684755997	1,01221	0,023199	-1242,20036884	-0,99742362913
50	-48,4424604897	0,997558	0,020757	-1235,98570887	-1,00243877507
50,5	-48,0507079067	1,00611	0,021978	-1228,46501315	-1,0085757321
51	-47,6589553237	1,00733	0,020757	-1220,88688733	-1,01483602852
51,5	-47,4633462577	1,01954	0,015873	-1217,08160692	-1,0180089757
52	-46,8759846087	1,03907	0,014652	-1205,57029737	-1,02772936817
52,5	-46,6803755427	1,05495	0,017094	-1201,70850344	-1,03103206514
53	-46,3538259817	1,06838	0,020757	-1195,23044267	-1,03662018282
53,5	-45,8974048277	1,06593	0,018315	-1186,11099206	-1,04459026878
54	-45,5708552667	1,08425	0,019536	-1179,54019697	-1,05040930626
54,5	-45,3100431787	1,0928	0,019536	-1174,26463256	-1,05512843157
55	-44,7878845517	1,10867	0,02442	-1163,62968309	-1,06477173796
55,5	-44,5270724637	1,12943	0,019536	-1158,28140374	-1,06968824329
56	-44,2657259247	1,13187	0,019536	-1152,89809039	-1,07468301867
56,5	-43,7435672977	1,1453	0,020757	-1142,07074575	-1,08487149733
57	-43,4175521877	1,15507	0,019536	-1135,26242518	-1,09137761676
57,5	-43,2219431217	1,16239	0,014652	-1131,15977593	-1,09533597849
58	-42,6345814727	1,17705	0,020757	-1118,76157958	-1,10747457065
58,5	-42,3732349337	1,17949	0,018315	-1113,20712979	-1,1130004173
59	-42,0472198237	1,19658	0,015873	-1106,24581237	-1,12000423969
59,5	-41,5902642187	1,22589	0,019536	-1096,42832402	-1,13003282828
60	-41,3294521307	1,23199	0,020757	-1090,79359002	-1,13587026119
60,5	-41,0681055917	1,26129	0,021978	-1085,12463772	-1,14180432085
61	-40,4807439427	1,26496	0,017094	-1072,30177727	-1,15545831058
61,5	-40,2851348767	1,30281	0,013431	-1068,00629948	-1,1601055168
62	-39,6977732277	1,28449	0,014652	-1055,0335232	-1,17437026668
62,5	-39,4369611397	1,31868	0,017094	-1049,23746299	-1,18085756914
63	-39,1756146007	1,33455	0,01221	-1043,40771763	-1,18745527665
63,5	-38,6539904247	1,37363	0,013431	-1031,70728583	-1,20092202219
64	-38,3274408637	1,36752	0,017094	-1024,33894364	-1,20956057337
64,5	-37,8704852587	1,40415	0,019536	-1013,97228436	-1,22192689003
65	-37,5444701487	1,40781	0,018315	-1006,53672822	-1,23095359092
65,5	-37,3488610827	1,42735	0,019536	-1002,05973682	-1,23645323175
66	-36,7614994337	1,45177	0,02442	-988,546551419	-1,25335523979
66,5	-36,5001528947	1,47497	0,019536	-982,500379424	-1,26106821529
67	-36,1089347627	1,50916	0,018315	-973,411503873	-1,27284298066
67,5	-35,7171821797	1,50794	0,015873	-964,26473658	-1,28491684182
68	-35,4563700917	1,52015	0,015873	-958,150188233	-1,29311669007
68,5	-35,1950235527	1,56777	0,014652	-952,003195322	-1,30146621995
69	-34,6728649257	1,58608	0,018315	-939,662587102	-1,31855840278
69,5	-34,4120528377	1,58486	0,017094	-933,46930843	-1,32730662788
70	-33,8246911887	1,63248	0,014652	-919,451107509	-1,34754310467
70,5	-33,6290821227	1,64103	0,018315	-914,761104814	-1,35445199132
71	-33,3025325617	1,65324	0,018315	-906,907890115	-1,36618063808
71,5	-32,7809083857	1,69841	0,018315	-894,302304821	-1,38543755654
72	-32,5195618467	1,68742	0,018315	-887,958659016	-1,39533523033
72,5	-32,3239527807	1,74237	0,025641	-883,198558221	-1,40285555096
73	-31,7365911317	1,74725	0,019536	-868,843609883	-1,42603339186
73,5	-31,4757790437	1,75824	0,017094	-862,44007459	-1,43662155378
74	-30,9536204167	1,8022	0,018315	-849,566312274	-1,45839116041
74,5	-30,6922738777	1,8254	0,017094	-843,096279786	-1,46958304728
75	-30,3662587677	1,85836	0,01221	-835,000704509	-1,48383108339
75,5	-29,8441001407	1,9072	0,015873	-821,97829793	-1,50733906615
76	-29,5832880527	1,9475	0,018315	-815,448125771	-1,5194099549
76,5	-29,3871445357	2,02442	0,018315	-810,525975895	-1,52863700467
77	-28,7997828867	2,06593	0,014652	-795,729768083	-1,55706126589
77,5	-28,5389707987	2,15873	0,019536	-789,132756581	-1,57007802511
78	-28,2781587107	2,23199	0,015873	-782,519393508	-1,58334733973
78,5	-27,7560000837	2,30769	0,015873	-769,230526567	-1,61070050812
79	-27,4294505227	2,40904	0,017094	-760,887343564	-1,62836195198
79,5	-27,2338414567	2,43956	0,018315	-755,87777253	-1,63915390163
80	-26,7116828297	2,51526	0,018315	-742,462240385	-1,66877173357
80,5	-26,4508707417	2,47741	0,013431	-735,738177759	-1,68402298189
81	-25,8635090927	2,27228	0,019536	-720,539645332	-1,71954452198
81,5	-25,6679000267	1,77411	0,021978	-715,461190717	-1,73175011598
82	-25,3413504657	1,06838	0,013431	-706,96467291	-1,75256281888
82,5	-24,8191918387	0,449328	0,015873	-693,330984772	-1,78702528405
83	-24,4931767287	0,157509	0,017094	-684,789379105	-1,80931544473
83,5	-24,0362211237	0,0818071	0,017094	-672,77987456	-1,84161275753
84	-23,7754090357	0,0732601	0,015873	-665,906095249	-1,86062270467
84,5	-23,5140624967	0,0732601	0,018315	-659,004389782	-1,88010887213
85	-22,9267008477	0,0708181	0,020757	-643,443377958	-1,92557735839
85,5	-22,7310917817	0,0671551	0,020757	-638,246003374	-1,94125774929
86	-22,4050766717	0,0757021	0,013431	-629,567211022	-1,9680186298
86,5	-21,9481210667	0,0793651	0,010989	-617,368430451	-2,00690534029
87	-21,6215715057	0,0866911	0,015873	-608,626836081	-2,03573014949
87,5	-21,4259624397	0,0940171	0,01221	-603,380977301	-2,05342900524
88	-20,8386007907	0,0952381	0,010989	-587,587050069	-2,10862373474
88,5	-20,5777887027	0,0805861	0,01221	-580,554017906	-2,13416833195
89	-20,2512391417	0,0830281	0,014652	-571,731373214	-2,16710164607
89,5	-19,7948179877	0,0842491	0,023199	-559,368830883	-2,21499649532
90	-19,4682684267	0,0927961	0,015873	-550,502138827	-2,2506724545
90,5	-19,0113128217	0,0927961	0,018315	-538,064619975	-2,30269739731
91	-18,6852977117	0,0989011	0,025641	-529,170103278	-2,34140211687
91,5	-18,1631390847	0,0964591	0,02442	-514,888721022	-2,4063451954
92	-17,9023269967	0,108669	0,019536	-507,739250127	-2,4402289161
92,5	-17,6409804577	0,10989	0,00854701	-500,564575583	-2,47520511925
93	-17,1193562817	0,106227	0,018315	-486,213581386	-2,5482628364
93,5	-16,8580097427	0,117216	0,014652	-479,00815244	-2,58659480781
94	-16,5971976547	0,117216	0,010989	-471,807522754	-2,62607088748
94,5	-16,0750390277	0,112332	0,010989	-457,362278973	-2,70901221409
95	-15,7484894667	0,120879	0,013431	-448,309074968	-2,76371831217
95,5	-15,5528804007	0,106227	0,017094	-442,879049767	-2,79760354582
96	-14,9655187517	0,117216	0,021978	-426,543370901	-2,90474564727
96,5	-14,7699096857	0,115995	0,021978	-421,093064569	-2,9423424517
97	-14,4433601247	0,126984	0,017094	-411,983424858	-3,00740254399
97,5	-13,9217359487	0,128205	0,014652	-397,404217062	-3,11773239136
98	-13,6603894097	0,126984	0,013431	-390,087214185	-3,17621279279
98,5	-13,1382307827	0,120879	0,015873	-375,444016537	-3,3000925449
99	-12,8122156727	0,133089	0,017094	-366,28549603	-3,38260731978
99,5	-12,6166066067	0,14652	0,013431	-360,784672404	-3,43418136847
100	-12,0292449577	0,135531	0,018315	-344,242158356	-3,59921052645
100,5	-11,8331014407	0,137973	0,017094	-338,70980853	-3,65799858403
101	-11,2462742427	0,157509	0,019536	-322,134536655	-3,84621907625
101,5	-10,9849277037	0,168498	0,020757	-314,741673922	-3,93656163978
102	-10,7241156157	0,17094	0,025641	-307,357400988	-4,03113767886
102,5	-10,2019569887	0,167277	0,028083	-292,55473829	-4,23510488069
103	-9,87540742767	0,172161	0,021978	-283,284965185	-4,37368781357
103,5	-9,61459533967	0,189255	0,017094	-275,874659682	-4,49117001695
104	-9,09243671267	0,199023	0,018315	-261,021839425	-4,74672924967
104,5	-8,83162462467	0,199023	0,017094	-253,594834966	-4,88574619498
105	-8,57027808567	0,206349	0,015873	-246,147340455	-5,03357053425
105,5	-8,04865390967	0,212454	0,010989	-231,267653769	-5,35742884837
106	-7,72210434867	0,234432	0,014652	-221,942769723	-5,58252022152
106,5	-7,52649528267	0,235653	0,019536	-216,353524224	-5,72673823753
107	-6,93913363367	0,249084	0,018315	-199,555623644	-6,20879520895
107,5	-6,67832154567	0,250305	0,018315	-192,089854761	-6,45010639184
108	-6,41697500667	0,266178	0,014652	-184,604794752	-6,71163499119
108,5	-5,89481637967	0,262515	0,020757	-169,638633832	-7,30376077673
109	-5,63400429167	0,28083	0,019536	-162,157858726	-7,64070276787
109,5	-5,11184566467	0,300366	0,015873	-147,17103731	-8,41877602177
110	-4,78583055467	0,312576	0,017094	-137,807583904	-8,99079691334
110,5	-4,52448401567	0,336996	0,015873	-130,298234825	-9,50895460454
111	-4,00232538867	0,345543	0,019536	-115,286929838	-10,7470985804
111,5	-3,80671632267	0,387057	0,019536	-109,660919956	-11,2984643983
112	-3,48070121267	0,406593	0,014652	-100,28142886	-12,3552288204
112,5	-2,95854258567	0,452991	0,020757	-85,252229382	-14,5333442771
113	-2,63199302467	0,492063	0,019536	-75,8495332237	-16,3349719812
113,5	-2,17557187067	0,568987	0,014652	-62,7032426469	-19,7597436384
114	-1,91422533167	0,693529	0,013431	-55,1738378138	-22,4562953946
114,5	-1,65341324367	0,896215	0,017094	-47,658686005	-25,9973596391
115	-1,06605159467	1,35653	0,018315	-30,7308163201	-40,317835592
115,5	-0,870442528667	4,52503	0,019536	-25,0925227637	-49,3772591808
116	-0,283080879667	4,98657	0,020757	-8,16074298642	-151,824411339
116,5	-0,0217343406667	4,98657	0,021978	-0,626566816254	-1977,44273692
117	0,239077747333	4,98779	0,019536	6,89221514356	179,768038895
117,5	0,761236374333	4,98779	0,013431	21,9446008527	56,4603570746
118	1,08725148433	4,98657	0,017094	31,3418678679	39,5317855726
118,5	1,34859802333	3,47863	0,01221	38,8743685868	31,8719003045
119	1,87075665033	1,06349	0,014652	53,9213876998	22,9778952815
119,5	2,06636571633	0,639805	0,01221	59,5571583949	20,8035445846
120	2,39238082633	0,551893	0,014652	68,9485345173	17,9699250851
120,5	2,91453945333	0,484737	0,018315	83,9853541061	14,7525721977
121	3,17588599233	0,437118	0,020757	91,5089180713	13,5396639597
121,5	3,43669808033	0,40293	0,020757	99,0151984381	12,5132304893
122	3,95885670733	0,385836	0,020757	114,036819236	10,8649119495
122,5	4,21966879533	0,35409	0,019536	121,5364731	10,1944705848
123	4,48101533433	0,333333	0,021978	129,048968905	9,60100658312
123,5	5,00263951033	0,323565	0,019536	144,035051954	8,60207278153
124	5,32918907133	0,310134	0,014652	153,410711135	8,0763591462
124,5	5,85134769833	0,296703	0,015873	168,392077898	7,35782832225
125	6,11215978633	0,279609	0,013431	175,869934539	7,04497902527
125,5	6,37350632533	0,263736	0,023199	183,359459151	6,75721888435
126	6,96033352333	0,242979	0,020757	200,162292711	6,18997705921
126,5	7,15647704033	0,241758	0,019536	205,773945611	6,02117044665
127	7,48249215033	0,229548	0,020757	215,095848746	5,76022274359
127,5	8,00465077733	0,222222	0,019536	230,011540371	5,38668624192
128	8,26546286533	0,217338	0,019536	237,454676179	5,21783786253
128,5	8,52680940433	0,216117	0,023199	244,90812879	5,05903991885
129	9,04896803133	0,205128	0,01221	259,784376792	4,76933992452
129,5	9,30978011933	0,191697	0,014652	267,206884752	4,63685657332
130	9,70153270233	0,173382	0,010989	278,345404255	4,45130395925
130,5	10,0927508343	0,166056	0,018315	289,45574231	4,28044712505
131	10,4193003953	0,166056	0,015873	298,719223968	4,147707615
131,5	10,8757215493	0,178266	0,00976801	311,650546696	3,97560669518
132	11,2022711103	0,152625	0,013431	320,890259302	3,86113309483
132,5	11,4630831983	0,139194	0,018315	328,262458923	3,77441881129
133	11,9852418253	0,139194	0,020757	343,001371361	3,61223045577
133,5	12,2465883643	0,135531	0,019536	350,367749615	3,53628437937
134	12,5726034743	0,141636	0,018315	359,546655916	3,44600618477
134,5	13,0947621013	0,125763	0,021978	374,223576321	3,31085500326
135	13,3555741893	0,115995	0,02442	381,542962085	3,24734072732
135,5	13,5517177063	0,13431	0,021978	387,042299869	3,20120049002
136	13,8777328163	0,117216	0,020757	396,172821981	3,12742301151
136,5	14,3998914433	0,114774	0,013431	410,769778436	3,0162881133
137	14,6607035313	0,106227	0,013431	418,048086046	2,96377388477
137,5	14,9872530923	0,101343	0,010989	427,148654767	2,90062952598
138	15,4436742463	0,107448	0,014652	439,845283513	2,81689959275
138,5	15,7050207853	0,111111	0,013431	447,102852042	2,77117444978
139	16,2923824343	0,0915751	0,013431	463,379653817	2,67383341024
139,5	16,4879915003	0,0866911	0,018315	468,789592653	2,64297676275
140	16,8145410613	0,0842491	0,017094	477,808732736	2,59308780922
140,5	17,3361652373	0,0769231	0,021978	492,18342064	2,51735419773
141	17,5975117763	0,0818071	0,020757	499,370227646	2,48112508798
141,5	17,8583238643	0,0940171	0,018315	506,531979785	2,44604496744
142	18,3804824913	0,0842491	0,020757	520,838469802	2,37885653967
142,5	18,6412945793	0,0793651	0,019536	527,9682679	2,34673194457
143	18,9026411183	0,0695971	0,015873	535,101702491	2,31544768823
143,5	19,4247997453	0,0757021	0,014652	549,320493242	2,25551388532
144	19,7508148553	0,0695971	0,01221	558,175081305	2,21973363107
144,5	19,9464239213	0,0781441	0,014652	563,479178041	2,19883901355
145	20,5337855703	0,0586081	0,014652	579,366243937	2,13854364656
145,5	20,7951321093	0,0671551	0,017094	586,41571962	2,11283558497
146	21,0559441973	0,0732601	0,015873	593,438615764	2,08783177752
146,5	21,5781028243	0,0659341	0,015873	607,461700584	2,0396347602
147	21,8389149123	0,0659341	0,020757	614,447245431	2,01644650409
147,5	22,1654644733	0,045177	0,020757	623,175524059	1,98820388826
148	22,6876231003	0,0598291	0,021978	637,090018861	1,94478011477
148,5	22,9484351883	0,0525031	0,015873	644,020402187	1,92385209505
149	23,4705938153	0,0647131	0,014652	657,855124063	1,8833934018
149,5	23,7314059033	0,045177	0,015873	664,745015485	1,86387256939
150	23,9927524423	0,0525031	0,015873	671,635208931	1,84475141196
150,5	24,5143766183	0,0561661	0,017094	685,345493824	1,80784729916
151	24,8409261793	0,0805861	0,015873	693,899630068	1,78556083086
151,5	25,0365352453	0,239316	0,018315	699,01293471	1,77249938946
152	25,6238968943	0,6337	0,014652	714,317618624	1,73452252569
152,5	25,8195059603	1,34799	0,013431	719,397954317	1,72227345458
153	26,1460555213	2,06471	0,015873	727,860348842	1,70224961694
153,5	26,6682141483	2,56288	0,015873	741,342627891	1,67129199561
154	26,9290262363	2,75458	0,017094	748,053879749	1,65629780627
154,5	27,1898383243	2,8083	0,010989	754,74963123	1,64160398195
155	27,7771999733	2,72894	0,014652	769,771312654	1,60956894552
155,5	27,9733434903	2,62515	0,017094	774,769712285	1,59918486791
156	28,2993586003	2,53236	0,018315	783,057562397	1,58225915884
156,5	28,7563142053	2,42369	0,017094	794,631407497	1,55921347723
157	29,0823293153	2,34188	0,019536	802,857919715	1,5432369409
157,5	29,4740818983	2,26374	0,014652	812,708812712	1,52453127199
158	29,9310375033	2,21123	0,00976801	824,151243731	1,50336483676
158,5	30,1266465693	2,10745	0,014652	829,033426549	1,49451151223
159	30,7140082183	2,07937	0,017094	843,635017158	1,4686445854
159,5	30,9096172843	1,98657	0,010989	848,478181419	1,46026147417
160	31,2361668453	1,95604	0,01221	856,541291351	1,44651520307
160,5	31,6925879993	1,91087	0,017094	867,764490867	1,42780675291
161	32,0191375603	1,84615	0,017094	875,760452793	1,41477043871
161,5	32,2799496483	1,81441	0,021978	882,126332004	1,40456072452
162	32,8021082753	1,79487	0,019536	894,816074103	1,3846420911
162,5	33,0629203633	1,75336	0,017094	901,126685526	1,3749454099
163	33,3242669023	1,71917	0,018315	907,431498817	1,36539232065
163,5	33,8464255293	1,66789	0,023199	919,971558393	1,34678076588
164	34,1724406393	1,64103	0,015873	927,762394181	1,33547124541
164,5	34,5641932223	1,6337	0,01221	937,084413196	1,32218611531
165	34,9554113543	1,56777	0,01221	946,349996183	1,30924077244
165,5	35,2167578933	1,56777	0,01221	952,515154072	1,30076670665
166	35,7389165203	1,51404	0,013431	964,773382124	1,28423941099
166,5	35,9997286083	1,49573	0,013431	970,866279255	1,27617986789
167	36,2605406963	1,45177	0,017094	976,939059127	1,26824696835
167,5	36,7826993233	1,45665	0,020757	989,036104177	1,25273485444
168	37,1092488843	1,40904	0,019536	996,559715451	1,24327722744
168,5	37,5656700383	1,38339	0,020757	1007,02123579	1,2303613429
169	37,8922195993	1,3663	0,021978	1014,46682351	1,22133121684
169,5	38,1530316873	1,33822	0,019536	1020,38988677	1,21424174824
170	38,6751903143	1,33333	0,015873	1032,18448931	1,20036680732
170,5	38,9360024023	1,29792	0,013431	1038,04371188	1,19359135442
171	39,2625519633	1,28571	0,01221	1045,3494078	1,18524963113
171,5	39,7195075683	1,25885	0,015873	1055,51554308	1,17383396969
172	40,0455226783	1,24786	0,015873	1062,72757635	1,16586793038
172,5	40,2411317443	1,21001	0,018315	1067,03829569	1,16115795001
173	40,8284933933	1,20879	0,018315	1079,90729039	1,14732071079
173,5	41,0898399323	1,17338	0,020757	1085,59694667	1,14130755784
174	41,3506520203	1,15507	0,019536	1091,25245011	1,13539263979
174,5	41,8728106473	1,14408	0,020757	1102,50697776	1,12380241123
175	42,1336227353	1,1221	0,018315	1108,09424926	1,11813593549
175,5	42,3949692743	1,12821	0,019536	1113,66993862	1,1125378867
176	42,9171279013	1,08425	0,019536	1124,74040558	1,10158752532
176,5	43,1779399893	1,09646	0,018315	1130,23504844	1,09623215251
177	43,5039550993	1,05617	0,015873	1137,07040501	1,08964228999
177,5	43,9609107043	1,05006	0,017094	1146,58909736	1,08059635562
178	44,2874602653	1,03541	0,01221	1153,34669845	1,0742650078
178,5	44,8090844413	1,02686	0,015873	1164,06335534	1,06437505684
179	45,0704309803	1,0293	0,013431	1169,39643976	1,0595209271
179,5	45,3312430683	1,02198	0,010989	1174,69436233	1,05474244172
180	45,8534016953	0,985348	0,014652	1185,22780714	1,04536865616
180,5	46,1142137833	0,979243	0,020757	1190,45232966	1,04078086046
181	46,3755603223	0,978022	0,020757	1195,66281493	1,03624532312
181,5	46,8977189493	0,946276	0,020757	1205,99851903	1,02736444569
182	47,1585310373	0,943834	0,020757	1211,12362533	1,02301695226
182,5	47,4850805983	0,945055	0,019536	1217,50511719	1,01765486034
183	48,0067047743	0,934066	0,018315	1227,61666595	1,00927271058
183,5	48,2680513133	0,927961	0,010989	1232,64459245	1,00515591241
184	48,7244724673	0,903541	0,014652	1241,36390295	0,998095721214
184,5	49,0510220283	0,90232	0,015873	1247,55388278	0,993143476286
185	49,3118341163	0,908425	0,015873	1252,46866332	0,989246307141
185,5	49,8339927433	0,879121	0,013431	1262,23020401	0,981595905459
186	50,0953392823	0,870574	0,010989	1267,07665458	0,977841392246
186,5	50,4213543923	0,851038	0,021978	1273,08536278	0,973226176521
187	50,9435130193	0,849817	0,020757	1282,62319012	0,965989083576
187,5	51,2043251073	0,852259	0,020757	1287,34737901	0,962444185778
188	51,4656716463	0,848596	0,018315	1292,05449144	0,958937883972
188,5	51,9872958223	0,827839	0,010989	1301,36899507	0,952074319195
189	52,2486423613	0,821734	0,018315	1305,99527962	0,948701744434
189,5	52,5094544493	0,822955	0,015873	1310,58501436	0,945379343134
190	53,0316130763	0,822955	0,013431	1319,69218531	0,938855298069
190,5	53,2924251643	0,813187	0,017094	1324,20011121	0,935659187393
191	53,5537717033	0,791209	0,019536	1328,68975153	0,932497596653
191,5	54,0759303303	0,789988	0,021978	1337,57696575	0,926301836627
192	54,3367424183	0,76801	0,021978	1341,97446844	0,923266447418
192,5	54,5975545063	0,761905	0,021978	1346,34416416	0,92026989308
193	55,1849161553	0,720391	0,02442	1356,08263883	0,913661132823
193,5	55,4462626943	0,699634	0,017094	1360,37002071	0,910781611722
194	55,9682075409	0,684982	0,014652	1368,8477127	0,905140863006
194,5	56,2292334093	0,669109	0,01221	1373,04486094	0,902374012131
195	56,4902592777	0,675214	0,01221	1377,21351173	0,899642640334
195,5	57,0123110145	0,678877	0,018315	1385,46497553	0,894284606168
196	57,2733368829	0,660562	0,019536	1389,54761727	0,891657100918
196,5	57,8606450868	0,665446	0,020757	1398,62798699	0,885868159028
197	58,1216709552	0,64591	0,021978	1402,61659218	0,883349025606
197,5	58,3826968236	0,648352	0,023199	1406,57608617	0,880862409208
198	58,9047485604	0,650794	0,017094	1414,40741246	0,87598522822
198,5	59,1657744288	0,666667	0,013431	1418,27908222	0,873593931925
199	59,4920567643	0,653236	0,013431	1423,0772653	0,870648439277
199,5	59,948852034	0,663004	0,017094	1429,71715549	0,866604975145
200	60,2751343695	0,647131	0,013431	1434,40432066	0,863773192925
200,5	60,7319296392	0,656899	0,010989	1440,88816947	0,859886302252
201	61,0582119747	0,638584	0,015873	1445,46344119	0,857164536086
201,5	61,3192378431	0,636142	0,021978	1449,08991514	0,855019407047
202	61,5802637115	0,639805	0,023199	1452,68631334	0,852902645687
202,5	62,1023154483	0,631258	0,021978	1459,78858455	0,848753040755
203	62,4285977838	0,626374	0,023199	1464,16599899	0,846215525325
203,5	62,8853930535	0,606838	0,023199	1470,21457757	0,842734127998
204	63,211675389	0,62149	0,020757	1474,47779913	0,840297494294
204,5	63,4727012574	0,615385	0,019536	1477,85395499	0,838377835522
205	63,9947529942	0,583639	0,00976801	1484,51417905	0,834616480926
205,5	64,2557788626	0,571429	0,013431	1487,79810901	0,832774280661
206	64,516804731	0,559219	0,01221	1491,05115984	0,830957403319
206,5	65,0388564678	0,562882	0,018315	1497,46435469	0,827398659687
207	65,2998823362	0,540904	0,018315	1500,6243656	0,825656325729
207,5	65,5609082046	0,545788	0,018315	1503,75323117	0,823938379198
208	66,0829599414	0,538462	0,020757	1509,91726717	0,820574760577
208,5	66,3439858098	0,528694	0,017094	1512,95230967	0,818928654973
209	66,6050116782	0,500611	0,017094	1515,95595097	0,817306069616
209,5	67,127063415	0,512821	0,013431	1521,86878124	0,8141306368
210	67,4533457505	0,489621	0,014652	1525,50017161	0,812192632328
210,5	67,7143716189	0,483516	0,01221	1528,36967021	0,810667748878
211	68,2364233557	0,466422	0,013431	1534,01344492	0,807685228644
211,5	68,4974492241	0,45177	0,019536	1536,7876039	0,806227221548
212	68,7584750925	0,431013	0,020757	1539,52986698	0,804791142139
212,5	69,2805268293	0,423687	0,021978	1544,91847842	0,801984064085
213	69,5415526977	0,412698	0,021978	1547,56471494	0,800612722712
213,5	69,8025785661	0,405372	0,014652	1550,17883188	0,79926262346
214	70,3246303029	0,39072	0,010989	1555,31049065	0,796625501754
214,5	70,5856561713	0,368742	0,01221	1557,82792598	0,79533816241
215	71,1077079081	0,367521	0,013431	1562,76574727	0,792825157682
215,5	71,3687337765	0,345543	0,015873	1565,18603075	0,791599193744
216	71,695016112	0,334554	0,010989	1568,16569681	0,790095078935
216,5	72,2170678488	0,327228	0,01221	1572,82734476	0,787753343763
217	72,4780937172	0,30525	0,018315	1575,1092269	0,786612114791
217,5	72,7391195856	0,28083	0,019536	1577,35841777	0,785490466872
218	73,2611713224	0,26862	0,020757	1581,75853966	0,783305396452
218,5	73,5221971908	0,262515	0,020757	1583,90937936	0,782241721747
219	73,7832230592	0,250305	0,020757	1586,02734514	0,781197123617
219,5	74,305274796	0,245421	0,018315	1590,16447981	0,77916468122
220	74,5663006644	0,227106	0,01221	1592,18356284	0,778176605336
220,5	74,8273265328	0,19536	0,013431	1594,16960022	0,777207142723
221	75,4146347367	0,203907	0,00976801	1598,51714879	0,775093342561
221,5	75,610404138	0,188034	0,01221	1599,92902973	0,774409350025
222	75,9366864735	0,166056	0,019536	1602,24064855	0,773292077641
222,5	76,4587382103	0,156288	0,02442	1605,83113149	0,771563071424
223	76,7197640787	0,144078	0,021978	1607,57639807	0,770725423369
223,5	77,2418158155	0,131868	0,023199	1610,96680033	0,769103373045
224	77,5028416839	0,124542	0,02442	1612,61186565	0,768318791639
224,5	77,8291240194	0,124542	0,01221	1614,62112669	0,767362683119
225	78,3511757562	0,114774	0,014652	1617,72700616	0,765889420947
225,5	78,6122016246	0,102564	0,018315	1619,22959814	0,765178700673
226	78,873227493	0,0964591	0,014652	1620,69858314	0,764485150345
226,5	79,3952792298	0,0866911	0,013431	1623,53561094	0,763149259955
